61
103
145
187
229
271
313
355
397
439
481
523
565
607
649
691
733
775
817
859
901
943
985
1027
1069
1111
1153
1195
1237
1279
1321
1363
1405
1447
1489
1531
1573
1615
1657
1699
1741
1783
1825
1867
1909
1951
1993
2035
2077
2119
2161
2203
2245
2287
2329
2371
2413
2455
2497
2539
2581
2623
2665
2707
2749
2791
2833
2875
2917
2959
3001
3043
3085
3127
3169
3211
3253
3295
3337
3379
3421
3463
3505
3547
3589
3631
3673
3715
3757
3799
3841
3883
3925
3967
4009
4051
4093
4135
4177
4219
4261
4303
4345
4387
4429
4471
4513
4555
4597
4639
4681
4723
4765
4807
4849
4891
4933
4975
5017
5059
5101
5143
5185
5227
5269
5311
5353
5395
5437
5479
5521
5563
5605
5647
5689
5731
5773
5815
5857
5899
5941
5983
6025
6067
6109
6151
6193
6235
6277
6319
6361
6403
6445
6487
6529
6571
6613
6655
6697
6739
6781
6823
6865
6907
6949
6991
7033
7075
7117
7159
7201
7243
7285
7327
7369
7411
7453
7495
7537
7579
7621
7663
7705
7747
7789
7831
7873
7915
7957
7999
8041
8083
8125
8167
8209
8251
8293
8335
8377
8419
8461
8503
8545
8587
8629
8671
8713
8755
8797
8839
8881
8923
8965
9007
9049
9091
9133
9175
9217
9259
9301
9343
9385
9427
9469
9511
9553
9595
9637
9679
9721
9763
9805
9847
9889
9931
9973
10015
10057
10099
10141
10183
10225
10267
10309
10351
10393
10435
10477
10519
10561
10603
10645
10687
10729
10771
10813
10855
10897
10939
10981
11023
11065
11107
11149
11191
11233
11275
11317
11359
11401
11443
11485
11527
11569
11611
11653
11695
11737
11779
11821
11863
11905
11947
11989
12031
12073
12115
12157
12199
12241
12283
12325
12367
12409
12451
12493
12535
12577
12619
12661
12703
12745
12787
12829
12871
12913
12955
12997
13039
13081
13123
13165
13207
13249
13291
13333
13375
13417
13459
13501
13543
13585
13627
13669
13711
13753
13795
13837
13879
13921
13963
14005
14047
14089
14131
14173
14215
14257
14299
14341
14383
14425
14467
14509
14551
14593
14635
14677
14719
14761
14803
14845
14887
14929
14971
15013
15055
15097
15139
15181
15223
15265
15307
15349
15391
15433
15475
15517
15559
15601
15643
15685
15727
15769
15811
15853
15895
15937
15979
16021
16063
16105
16147
16189
16231
16273
16315
16357
16399
16441
16483
16525
16567
16609
16651
16693
16735
16777
16819
16861
16903
16945
16987
17029
17071
17113
17155
17197
17239
17281
17323
17365
17407
17449
17491
17533
17575
17617
17659
17701
17743
17785
17827
17869
17911
17953
17995
18037
18079
18121
18163
18205
18247
18289
18331
18373
18415
18457
18499
18541
18583
18625
18667
18709
18751
18793
18835
18877
18919
18961
19003
19045
19087
19129
19171
19213
19255
19297
19339
19381
19423
19465
19507
19549
19591
19633
19675
19717
19759
19801
19843
19885
19927
19969
20011
20053
20095
20137
20179
20221
20263
20305
20347
20389
20431
20473
20515
20557
20599
20641
20683
20725
20767
20809
20851
20893
20935
20977
21019
21061
21103
21145
21187
21229
21271
21313
21355
21397
21439
21481
21523
21565
21607
21649
21691
21733
21775
21817
21859
21901
21943
21985
22027
22069
22111
22153
22195
22237
22279
22321
22363
22405
22447
22489
22531
22573
22615
22657
22699
22741
22783
22825
22867
22909
22951
22993
23035
23077
23119
23161
23203
23245
23287
23329
23371
23413
23455
23497
23539
23581
23623
23665
23707
23749
23791
23833
23875
23917
23959
24001
24043
24085
24127
24169
24211
24253
24295
24337
24379
24421
24463
24505
24547
24589
24631
24673
24715
24757
24799
24841
24883
24925
24967
25009
25051
25093
25135
25177
25219
25261
25303
25345
25387
25429
25471
25513
25555
25597
25639
25681
25723
25765
25807
25849
25891
25933
25975
26017
26059
26101
26143
26185
26227
26269
26311
26353
26395
26437
26479
26521
26563
26605
26647
26689
26731
26773
26815
26857
26899
26941
26983
27025
27067
27109
27151
27193
27235
27277
27319
27361
27403
27445
27487
27529
27571
27613
27655
27697
27739
27781
27823
27865
27907
27949
27991
28033
28075
28117
28159
28201
28243
28285
28327
28369
28411
28453
28495
28537
28579
28621
28663
28705
28747
28789
28831
28873
28915
28957
28999
29041
29083
29125
29167
29209
29251
29293
29335
29377
29419
29461
29503
29545
29587
29629
29671
29713
29755
29797
29839
29881
29923
29965
30007
30049
30091
30133
30175
30217
30259
30301
30343
30385
30427
30469
30511
30553
30595
30637
30679
30721
30763
30805
30847
30889
30931
30973
31015
31057
31099
31141
31183
31225
31267
31309
31351
31393
31435
31477
31519
31561
31603
31645
31687
31729
31771
31813
31855
31897
31939
31981
32023
32065
32107
32149
32191
32233
32275
32317
32359
32401
32443
32485
32527
32569
32611
32653
32695
32737
32779
32821
32863
32905
32947
32989
33031
33073
33115
33157
33199
33241
33283
33325
33367
33409
33451
33493
33535
33577
33619
33661
33703
33745
33787
33829
33871
33913
33955
33997
34039
34081
34123
34165
34207
34249
34291
34333
34375
34417
34459
34501
34543
34585
34627
34669
34711
34753
34795
34837
34879
34921
34963
35005
35047
35089
35131
35173
35215
35257
35299
35341
35383
35425
35467
35509
35551
35593
35635
35677
35719
35761
35803
35845
35887
35929
35971
36013
36055
36097
36139
36181
36223
36265
36307
36349
36391
36433
36475
36517
36559
36601
36643
36685
36727
36769
36811
36853
36895
36937
36979
37021
37063
37105
37147
37189
37231
37273
37315
37357
37399
37441
37483
37525
37567
37609
37651
37693
37735
37777
37819
37861
37903
37945
37987
38029
38071
38113
38155
38197
38239
38281
38323
38365
38407
38449
38491
38533
38575
38617
38659
38701
38743
38785
38827
38869
38911
38953
38995
39037
39079
39121
39163
39205
39247
39289
39331
39373
39415
39457
39499
39541
39583
39625
39667
39709
39751
39793
39835
39877
39919
39961
40003
40045
40087
40129
40171
40213
40255
40297
40339
40381
40423
40465
40507
40549
40591
40633
40675
40717
40759
40801
40843
40885
40927
40969
41011
41053
41095
41137
41179
41221
41263
41305
41347
41389
41431
41473
41515
41557
41599
41641
41683
41725
41767
41809
41851
41893
41935
41977
42019
42061
42103
42145
42187
42229
42271
42313
42355
42397
42439
42481
42523
42565
42607
42649
42691
42733
42775
42817
42859
42901
42943
42985
43027
43069
43111
43153
43195
43237
43279
43321
43363
43405
43447
43489
43531
43573
43615
43657
43699
43741
43783
43825
43867
43909
43951
43993
44035
44077
44119
44161
44203
44245
44287
44329
44371
44413
44455
44497
44539
44581
44623
44665
44707
44749
44791
44833
44875
44917
44959
45001
45043
45085
45127
45169
45211
45253
45295
45337
45379
45421
45463
45505
45547
45589
45631
45673
45715
45757
45799
45841
45883
45925
45967
46009
46051
46093
46135
46177
46219
46261
46303
46345
46387
46429
46471
46513
46555
46597
46639
46681
46723
46765
46807
46849
46891
46933
46975
47017
47059
47101
47143
47185
47227
47269
47311
47353
47395
47437
47479
47521
47563
47605
47647
47689
47731
47773
47815
47857
47899
47941
47983
48025
48067
48109
48151
48193
48235
48277
48319
48361
48403
48445
48487
48529
48571
48613
48655
48697
48739
48781
48823
48865
48907
48949
48991
49033
49075
49117
49159
49201
49243
49285
49327
49369
49411
49453
49495
49537
49579
49621
49663
49705
49747
49789
49831
49873
49915
49957
49999
50041
50083
50125
50167
50209
50251
50293
50335
50377
50419
50461
50503
50545
50587
50629
50671
50713
50755
50797
50839
50881
50923
50965
51007
51049
51091
51133
51175
51217
51259
51301
51343
51385
51427
51469
51511
51553
51595
51637
51679
51721
51763
51805
51847
51889
51931
51973
52015
52057
52099
52141
52183
52225
52267
52309
52351
52393
52435
52477
52519
52561
52603
52645
52687
52729
52771
52813
52855
52897
52939
52981
53023
53065
53107
53149
53191
53233
53275
53317
53359
53401
53443
53485
53527
53569
53611
53653
53695
53737
53779
53821
53863
53905
53947
53989
54031
54073
54115
54157
54199
54241
54283
54325
54367
54409
54451
54493
54535
54577
54619
54661
54703
54745
54787
54829
54871
54913
54955
54997
55039
55081
55123
55165
55207
55249
55291
55333
55375
55417
55459
55501
55543
55585
55627
55669
55711
55753
55795
55837
55879
55921
55963
56005
56047
56089
56131
56173
56215
56257
56299
56341
56383
56425
56467
56509
56551
56593
56635
56677
56719
56761
56803
56845
56887
56929
56971
57013
57055
57097
57139
57181
57223
57265
57307
57349
57391
57433
57475
57517
57559
57601
57643
57685
57727
57769
57811
57853
57895
57937
57979
58021
58063
58105
58147
58189
58231
58273
58315
58357
58399
58441
58483
58525
58567
58609
58651
58693
58735
58777
58819
58861
58903
58945
58987
59029
59071
59113
59155
59197
59239
59281
59323
59365
59407
59449
59491
59533
59575
59617
59659
59701
59743
59785
59827
59869
59911
59953
59995
60037
60079
60121
60163
60205
60247
60289
60331
60373
60415
60457
60499
60541
60583
60625
60667
60709
60751
60793
60835
60877
60919
60961
61003
61045
61087
61129
61171
61213
61255
61297
61339
61381
61423
61465
61507
61549
61591
61633
61675
61717
61759
61801
61843
61885
61927
61969
62011
62053
62095
62137
62179
62221
62263
62305
62347
62389
62431
62473
62515
62557
62599
62641
62683
62725
62767
62809
62851
62893
62935
62977
63019
63061
63103
63145
63187
63229
63271
63313
63355
63397
63439
63481
63523
63565
63607
63649
63691
63733
63775
63817
63859
63901
63943
63985
64027
64069
64111
64153
64195
64237
64279
64321
64363
64405
64447
64489
64531
64573
64615
64657
64699
64741
64783
64825
64867
64909
64951
64993
65035
65077
65119
65161
65203
65245
65287
65329
65371
65413
65455
65497
65539
65581
65623
65665
65707
65749
65791
65833
65875
65917
65959
66001
66043
66085
66127
66169
66211
66253
66295
66337
66379
66421
66463
66505
66547
66589
66631
66673
66715
66757
66799
66841
66883
66925
66967
67009
67051
67093
67135
67177
67219
67261
67303
67345
67387
67429
67471
67513
67555
67597
67639
67681
67723
67765
67807
67849
67891
67933
67975
68017
68059
68101
68143
68185
68227
68269
68311
68353
68395
68437
68479
68521
68563
68605
68647
68689
68731
68773
68815
68857
68899
68941
68983
69025
69067
69109
69151
69193
69235
69277
69319
69361
69403
69445
69487
69529
69571
69613
69655
69697
69739
69781
69823
69865
69907
69949
69991
70033
70075
70117
70159
70201
70243
70285
70327
70369
70411
70453
70495
70537
70579
70621
70663
70705
70747
70789
70831
70873
70915
70957
70999
71041
71083
71125
71167
71209
71251
71293
71335
71377
71419
71461
71503
71545
71587
71629
71671
71713
71755
71797
71839
71881
71923
71965
72007
72049
72091
72133
72175
72217
72259
72301
72343
72385
72427
72469
72511
72553
72595
72637
72679
72721
72763
72805
72847
72889
72931
72973
73015
73057
73099
73141
73183
73225
73267
73309
73351
73393
73435
73477
73519
73561
73603
73645
73687
73729
73771
73813
73855
73897
73939
73981
74023
74065
74107
74149
74191
74233
74275
74317
74359
74401
74443
74485
74527
74569
74611
74653
74695
74737
74779
74821
74863
74905
74947
74989
75031
75073
75115
75157
75199
75241
75283
75325
75367
75409
75451
75493
75535
75577
75619
75661
75703
75745
75787
75829
75871
75913
75955
75997
76039
76081
76123
76165
76207
76249
76291
76333
76375
76417
76459
76501
76543
76585
76627
76669
76711
76753
76795
76837
76879
76921
76963
77005
77047
77089
77131
77173
77215
77257
77299
77341
77383
77425
77467
77509
77551
77593
77635
77677
77719
77761
77803
77845
77887
77929
77971
78013
78055
78097
78139
78181
78223
78265
78307
78349
78391
78433
78475
78517
78559
78601
78643
78685
78727
78769
78811
78853
78895
78937
78979
79021
79063
79105
79147
79189
79231
79273
79315
79357
79399
79441
79483
79525
79567
79609
79651
79693
79735
79777
79819
79861
79903
79945
79987
80029
80071
80113
80155
80197
80239
80281
80323
80365
80407
80449
80491
80533
80575
80617
80659
80701
80743
80785
80827
80869
80911
80953
80995
81037
81079
81121
81163
81205
81247
81289
81331
81373
81415
81457
81499
81541
81583
81625
81667
81709
81751
81793
81835
81877
81919
81961
82003
82045
82087
82129
82171
82213
82255
82297
82339
82381
82423
82465
82507
82549
82591
82633
82675
82717
82759
82801
82843
82885
82927
82969
83011
83053
83095
83137
83179
83221
83263
83305
83347
83389
83431
83473
83515
83557
83599
83641
83683
83725
83767
83809
83851
83893
83935
83977
84019
84061
84103
84145
84187
84229
84271
84313
84355
84397
84439
84481
84523
84565
84607
84649
84691
84733
84775
84817
84859
84901
84943
84985
85027
85069
85111
85153
85195
85237
85279
85321
85363
85405
85447
85489
85531
85573
85615
85657
85699
85741
85783
85825
85867
85909
85951
85993
86035
86077
86119
86161
86203
86245
86287
86329
86371
86413
86455
86497
86539
86581
86623
86665
86707
86749
86791
86833
86875
86917
86959
87001
87043
87085
87127
87169
87211
87253
87295
87337
87379
87421
87463
87505
87547
87589
87631
87673
87715
87757
87799
87841
87883
87925
87967
88009
88051
88093
88135
88177
88219
88261
88303
88345
88387
88429
88471
88513
88555
88597
88639
88681
88723
88765
88807
88849
88891
88933
88975
89017
89059
89101
89143
89185
89227
89269
89311
89353
89395
89437
89479
89521
89563
89605
89647
89689
89731
89773
89815
89857
89899
89941
89983
90025
90067
90109
90151
90193
90235
90277
90319
90361
90403
90445
90487
90529
90571
90613
90655
90697
90739
90781
90823
90865
90907
90949
90991
91033
91075
91117
91159
91201
91243
91285
91327
91369
91411
91453
91495
91537
91579
91621
91663
91705
91747
91789
91831
91873
91915
91957
91999
92041
92083
92125
92167
92209
92251
92293
92335
92377
92419
92461
92503
92545
92587
92629
92671
92713
92755
92797
92839
92881
92923
92965
93007
93049
93091
93133
93175
93217
93259
93301
93343
93385
93427
93469
93511
93553
93595
93637
93679
93721
93763
93805
93847
93889
93931
93973
94015
94057
94099
94141
94183
94225
94267
94309
94351
94393
94435
94477
94519
94561
94603
94645
94687
94729
94771
94813
94855
94897
94939
94981
95023
95065
95107
95149
95191
95233
95275
95317
95359
95401
95443
95485
95527
95569
95611
95653
95695
95737
95779
95821
95863
95905
95947
95989
96031
96073
96115
96157
96199
96241
96283
96325
96367
96409
96451
96493
96535
96577
96619
96661
96703
96745
96787
96829
96871
96913
96955
96997
97039
97081
97123
97165
97207
97249
97291
97333
97375
97417
97459
97501
97543
97585
97627
97669
97711
97753
97795
97837
97879
97921
97963
98005
98047
98089
98131
98173
98215
98257
98299
98341
98383
98425
98467
98509
98551
98593
98635
98677
98719
98761
98803
98845
98887
98929
98971
99013
99055
99097
99139
99181
99223
99265
99307
99349
99391
99433
99475
99517
99559
99601
99643
99685
99727
99769
99811
99853
99895
99937
99979
100021
100063
100105
100147
100189
100231
100273
100315
100357
100399
100441
100483
100525
100567
100609
100651
100693
100735
100777
100819
100861
100903
100945
100987
101029
101071
101113
101155
101197
101239
101281
101323
101365
101407
101449
101491
101533
101575
101617
101659
101701
101743
101785
101827
101869
101911
101953
101995
102037
102079
102121
102163
102205
102247
102289
102331
102373
102415
102457
102499
102541
102583
102625
102667
102709
102751
102793
102835
102877
102919
102961
103003
103045
103087
103129
103171
103213
103255
103297
103339
103381
103423
103465
103507
103549
103591
103633
103675
103717
103759
103801
103843
103885
103927
103969
104011
104053
104095
104137
104179
104221
104263
104305
104347
104389
104431
104473
104515
104557
104599
104641
104683
104725
104767
104809
104851
104893
104935
104977
105019
105061
105103
105145
105187
105229
105271
105313
105355
105397
105439
105481
105523
105565
105607
105649
105691
105733
105775
105817
105859
105901
105943
105985
106027
106069
106111
106153
106195
106237
106279
106321
106363
106405
106447
106489
106531
106573
106615
106657
106699
106741
106783
106825
106867
106909
106951
106993
107035
107077
107119
107161
107203
107245
107287
107329
107371
107413
107455
107497
107539
107581
107623
107665
107707
107749
107791
107833
107875
107917
107959
108001
108043
108085
108127
108169
108211
108253
108295
108337
108379
108421
108463
108505
108547
108589
108631
108673
108715
108757
108799
108841
108883
108925
108967
109009
109051
109093
109135
109177
109219
109261
109303
109345
109387
109429
109471
109513
109555
109597
109639
109681
109723
109765
109807
109849
109891
109933
109975
110017
110059
110101
110143
110185
110227
110269
110311
110353
110395
110437
110479
110521
110563
110605
110647
110689
110731
110773
110815
110857
110899
110941
110983
111025
111067
111109
111151
111193
111235
111277
111319
111361
111403
111445
111487
111529
111571
111613
111655
111697
111739
111781
111823
111865
111907
111949
111991
112033
112075
112117
112159
112201
112243
112285
112327
112369
112411
112453
112495
112537
112579
112621
112663
112705
112747
112789
112831
112873
112915
112957
112999
113041
113083
113125
113167
113209
113251
113293
113335
113377
113419
113461
113503
113545
113587
113629
113671
113713
113755
113797
113839
113881
113923
113965
114007
114049
114091
114133
114175
114217
114259
114301
114343
114385
114427
114469
114511
114553
114595
114637
114679
114721
114763
114805
114847
114889
114931
114973
115015
115057
115099
115141
115183
115225
115267
115309
115351
115393
115435
115477
115519
115561
115603
115645
115687
115729
115771
115813
115855
115897
115939
115981
116023
116065
116107
116149
116191
116233
116275
116317
116359
116401
116443
116485
116527
116569
116611
116653
116695
116737
116779
116821
116863
116905
116947
116989
117031
117073
117115
117157
117199
117241
117283
117325
117367
117409
117451
117493
117535
117577
117619
117661
117703
117745
117787
117829
117871
117913
117955
117997
118039
118081
118123
118165
118207
118249
118291
118333
118375
118417
118459
118501
118543
118585
118627
118669
118711
118753
118795
118837
118879
118921
118963
119005
119047
119089
119131
119173
119215
119257
119299
119341
119383
119425
119467
119509
119551
119593
119635
119677
119719
119761
119803
119845
119887
119929
119971
120013
120055
120097
120139
120181
120223
120265
120307
120349
120391
120433
120475
120517
120559
120601
120643
120685
120727
120769
120811
120853
120895
120937
120979
121021
121063
121105
121147
121189
121231
121273
121315
121357
121399
121441
121483
121525
121567
121609
121651
121693
121735
121777
121819
121861
121903
121945
121987
122029
122071
122113
122155
122197
122239
122281
122323
122365
122407
122449
122491
122533
122575
122617
122659
122701
122743
122785
122827
122869
122911
122953
122995
123037
123079
123121
123163
123205
123247
123289
123331
123373
123415
123457
123499
123541
123583
123625
123667
123709
123751
123793
123835
123877
123919
123961
124003
124045
124087
124129
124171
124213
124255
124297
124339
124381
124423
124465
124507
124549
124591
124633
124675
124717
124759
124801
124843
124885
124927
124969
125011
125053
125095
125137
125179
125221
125263
125305
125347
125389
125431
125473
125515
125557
125599
125641
125683
125725
125767
125809
125851
125893
125935
125977
126019
126061
126103
126145
126187
126229
126271
126313
126355
126397
126439
126481
126523
126565
126607
126649
126691
126733
126775
126817
126859
126901
126943
126985
127027
127069
127111
127153
127195
127237
127279
127321
127363
127405
127447
127489
127531
127573
127615
127657
127699
127741
127783
127825
127867
127909
127951
127993
128035
128077
128119
128161
128203
128245
128287
128329
128371
128413
128455
128497
128539
128581
128623
128665
128707
128749
128791
128833
128875
128917
128959
129001
129043
129085
129127
129169
129211
129253
129295
129337
129379
129421
129463
129505
129547
129589
129631
129673
129715
129757
129799
129841
129883
129925
129967
130009
130051
130093
130135
130177
130219
130261
130303
130345
130387
130429
130471
130513
130555
130597
130639
130681
130723
130765
130807
130849
130891
130933
130975
131017
131059
131101
131143
131185
131227
131269
131311
131353
131395
131437
131479
131521
131563
131605
131647
131689
131731
131773
131815
131857
131899
131941
131983
132025
132067
132109
132151
132193
132235
132277
132319
132361
132403
132445
132487
132529
132571
132613
132655
132697
132739
132781
132823
132865
132907
132949
132991
133033
133075
133117
133159
133201
133243
133285
133327
133369
133411
133453
133495
133537
133579
133621
133663
133705
133747
133789
133831
133873
133915
133957
133999
134041
134083
134125
134167
134209
134251
134293
134335
134377
134419
134461
134503
134545
134587
134629
134671
134713
134755
134797
134839
134881
134923
134965
135007
135049
135091
135133
135175
135217
135259
135301
135343
135385
135427
135469
135511
135553
135595
135637
135679
135721
135763
135805
135847
135889
135931
135973
136015
136057
136099
136141
136183
136225
136267
136309
136351
136393
136435
136477
136519
136561
136603
136645
136687
136729
136771
136813
136855
136897
136939
136981
137023
137065
137107
137149
137191
137233
137275
137317
137359
137401
137443
137485
137527
137569
137611
137653
137695
137737
137779
137821
137863
137905
137947
137989
138031
138073
138115
138157
138199
138241
138283
138325
138367
138409
138451
138493
138535
138577
138619
138661
138703
138745
138787
138829
138871
138913
138955
138997
139039
139081
139123
139165
139207
139249
139291
139333
139375
139417
139459
139501
139543
139585
139627
139669
139711
139753
139795
139837
139879
139921
139963
140005
140047
140089
140131
140173
140215
140257
140299
140341
140383
140425
140467
140509
140551
140593
140635
140677
140719
140761
140803
140845
140887
140929
140971
141013
141055
141097
141139
141181
141223
141265
141307
141349
141391
141433
141475
141517
141559
141601
141643
141685
141727
141769
141811
141853
141895
141937
141979
142021
142063
142105
142147
142189
142231
142273
142315
142357
142399
142441
142483
142525
142567
142609
142651
142693
142735
142777
142819
142861
142903
142945
142987
143029
143071
143113
143155
143197
143239
143281
143323
143365
143407
143449
143491
143533
143575
143617
143659
143701
143743
143785
143827
143869
143911
143953
143995
144037
144079
144121
144163
144205
144247
144289
144331
144373
144415
144457
144499
144541
144583
144625
144667
144709
144751
144793
144835
144877
144919
144961
145003
145045
145087
145129
145171
145213
145255
145297
145339
145381
145423
145465
145507
145549
145591
145633
145675
145717
145759
145801
145843
145885
145927
145969
146011
146053
146095
146137
146179
146221
146263
146305
146347
146389
146431
146473
146515
146557
146599
146641
146683
146725
146767
146809
146851
146893
146935
146977
147019
147061
147103
147145
147187
147229
147271
147313
147355
147397
147439
147481
147523
147565
147607
147649
147691
147733
147775
147817
147859
147901
147943
147985
148027
148069
148111
148153
148195
148237
148279
148321
148363
148405
148447
148489
148531
148573
148615
148657
148699
148741
148783
148825
148867
148909
148951
148993
149035
149077
149119
149161
149203
149245
149287
149329
149371
149413
149455
149497
149539
149581
149623
149665
149707
149749
149791
149833
149875
149917
149959
150001
150043
150085
150127
150169
150211
150253
150295
150337
150379
150421
150463
150505
150547
150589
150631
150673
150715
150757
150799
150841
150883
150925
150967
151009
151051
151093
151135
151177
151219
151261
151303
151345
151387
151429
151471
151513
151555
151597
151639
151681
151723
151765
151807
151849
151891
151933
151975
152017
152059
152101
152143
152185
152227
152269
152311
152353
152395
152437
152479
152521
152563
152605
152647
152689
152731
152773
152815
152857
152899
152941
152983
153025
153067
153109
153151
153193
153235
153277
153319
153361
153403
153445
153487
153529
153571
153613
153655
153697
153739
153781
153823
153865
153907
153949
153991
154033
154075
154117
154159
154201
154243
154285
154327
154369
154411
154453
154495
154537
154579
154621
154663
154705
154747
154789
154831
154873
154915
154957
154999
155041
155083
155125
155167
155209
155251
155293
155335
155377
155419
155461
155503
155545
155587
155629
155671
155713
155755
155797
155839
155881
155923
155965
156007
156049
156091
156133
156175
156217
156259
156301
156343
156385
156427
156469
156511
156553
156595
156637
156679
156721
156763
156805
156847
156889
156931
156973
157015
157057
157099
157141
157183
157225
157267
157309
157351
157393
157435
157477
157519
157561
157603
157645
157687
157729
157771
157813
157855
157897
157939
157981
158023
158065
158107
158149
158191
158233
158275
158317
158359
158401
158443
158485
158527
158569
158611
158653
158695
158737
158779
158821
158863
158905
158947
158989
159031
159073
159115
159157
159199
159241
159283
159325
159367
159409
159451
159493
159535
159577
159619
159661
159703
159745
159787
159829
159871
159913
159955
159997
160039
160081
160123
160165
160207
160249
160291
160333
160375
160417
160459
160501
160543
160585
160627
160669
160711
160753
160795
160837
160879
160921
160963
161005
161047
161089
161131
161173
161215
161257
161299
161341
161383
161425
161467
161509
161551
161593
161635
161677
161719
161761
161803
161845
161887
161929
161971
162013
162055
162097
162139
162181
162223
162265
162307
162349
162391
162433
162475
162517
162559
162601
162643
162685
162727
162769
162811
162853
162895
162937
162979
163021
163063
163105
163147
163189
163231
163273
163315
163357
163399
163441
163483
163525
163567
163609
163651
163693
163735
163777
163819
163861
163903
163945
163987
164029
164071
164113
164155
164197
164239
164281
164323
164365
164407
164449
164491
164533
164575
164617
164659
164701
164743
164785
164827
164869
164911
164953
164995
165037
165079
165121
165163
165205
165247
165289
165331
165373
165415
165457
165499
165541
165583
165625
165667
165709
165751
165793
165835
165877
165919
165961
166003
166045
166087
166129
166171
166213
166255
166297
166339
166381
166423
166465
166507
166549
166591
166633
166675
166717
166759
166801
166843
166885
166927
166969
167011
167053
167095
167137
167179
167221
167263
167305
167347
167389
167431
167473
167515
167557
167599
167641
167683
167725
167767
167809
167851
167893
167935
167977
168019
168061
168103
168145
168187
168229
168271
168313
168355
168397
168439
168481
168523
168565
168607
168649
168691
168733
168775
168817
168859
168901
168943
168985
169027
169069
169111
169153
169195
169237
169279
169321
169363
169405
169447
169489
169531
169573
169615
169657
169699
169741
169783
169825
169867
169909
169951
169993
170035
170077
170119
170161
170203
170245
170287
170329
170371
170413
170455
170497
170539
170581
170623
170665
170707
170749
170791
170833
170875
170917
170959
171001
171043
171085
171127
171169
171211
171253
171295
171337
171379
171421
171463
171505
171547
171589
171631
171673
171715
171757
171799
171841
171883
171925
171967
172009
172051
172093
172135
172177
172219
172261
172303
172345
172387
172429
172471
172513
172555
172597
172639
172681
172723
172765
172807
172849
172891
172933
172975
173017
173059
173101
173143
173185
173227
173269
173311
173353
173395
173437
173479
173521
173563
173605
173647
173689
173731
173773
173815
173857
173899
173941
173983
174025
174067
174109
174151
174193
174235
174277
174319
174361
174403
174445
174487
174529
174571
174613
174655
174697
174739
174781
174823
174865
174907
174949
174991
175033
175075
175117
175159
175201
175243
175285
175327
175369
175411
175453
175495
175537
175579
175621
175663
175705
175747
175789
175831
175873
175915
175957
175999
176041
176083
176125
176167
176209
176251
176293
176335
176377
176419
176461
176503
176545
176587
176629
176671
176713
176755
176797
176839
176881
176923
176965
177007
177049
177091
177133
177175
177217
177259
177301
177343
177385
177427
177469
177511
177553
177595
177637
177679
177721
177763
177805
177847
177889
177931
177973
178015
178057
178099
178141
178183
178225
178267
178309
178351
178393
178435
178477
178519
178561
178603
178645
178687
178729
178771
178813
178855
178897
178939
178981
179023
179065
179107
179149
179191
179233
179275
179317
179359
179401
179443
179485
179527
179569
179611
179653
179695
179737
179779
179821
179863
179905
179947
179989
180031
180073
180115
180157
180199
180241
180283
180325
180367
180409
180451
180493
180535
180577
180619
180661
180703
180745
180787
180829
180871
180913
180955
180997
181039
181081
181123
181165
181207
181249
181291
181333
181375
181417
181459
181501
181543
181585
181627
181669
181711
181753
181795
181837
181879
181921
181963
182005
182047
182089
182131
182173
182215
182257
182299
182341
182383
182425
182467
182509
182551
182593
182635
182677
182719
182761
182803
182845
182887
182929
182971
183013
183055
183097
183139
183181
183223
183265
183307
183349
183391
183433
183475
183517
183559
183601
183643
183685
183727
183769
183811
183853
183895
183937
183979
184021
184063
184105
184147
184189
184231
184273
184315
184357
184399
184441
184483
184525
184567
184609
184651
184693
184735
184777
184819
184861
184903
184945
184987
185029
185071
185113
185155
185197
185239
185281
185323
185365
185407
185449
185491
185533
185575
185617
185659
185701
185743
185785
185827
185869
185911
185953
185995
186037
186079
186121
186163
186205
186247
186289
186331
186373
186415
186457
186499
186541
186583
186625
186667
186709
186751
186793
186835
186877
186919
186961
187003
187045
187087
187129
187171
187213
187255
187297
187339
187381
187423
187465
187507
187549
187591
187633
187675
187717
187759
187801
187843
187885
187927
187969
188011
188053
188095
188137
188179
188221
188263
188305
188347
188389
188431
188473
188515
188557
188599
188641
188683
188725
188767
188809
188851
188893
188935
188977
189019
189061
189103
189145
189187
189229
189271
189313
189355
189397
189439
189481
189523
189565
189607
189649
189691
189733
189775
189817
189859
189901
189943
189985
190027
190069
190111
190153
190195
190237
190279
190321
190363
190405
190447
190489
190531
190573
190615
190657
190699
190741
190783
190825
190867
190909
190951
190993
191035
191077
191119
191161
191203
191245
191287
191329
191371
191413
191455
191497
191539
191581
191623
191665
191707
191749
191791
191833
191875
191917
191959
192001
192043
192085
192127
192169
192211
192253
192295
192337
192379
192421
192463
192505
192547
192589
192631
192673
192715
192757
192799
192841
192883
192925
192967
193009
193051
193093
193135
193177
193219
193261
193303
193345
193387
193429
193471
193513
193555
193597
193639
193681
193723
193765
193807
193849
193891
193933
193975
194017
194059
194101
194143
194185
194227
194269
194311
194353
194395
194437
194479
194521
194563
194605
194647
194689
194731
194773
194815
194857
194899
194941
194983
195025
195067
195109
195151
195193
195235
195277
195319
195361
195403
195445
195487
195529
195571
195613
195655
195697
195739
195781
195823
195865
195907
195949
195991
196033
196075
196117
196159
196201
196243
196285
196327
196369
196411
196453
196495
196537
196579
196621
196663
196705
196747
196789
196831
196873
196915
196957
196999
197041
197083
197125
197167
197209
197251
197293
197335
197377
197419
197461
197503
197545
197587
197629
197671
197713
197755
197797
197839
197881
197923
197965
198007
198049
198091
198133
198175
198217
198259
198301
198343
198385
198427
198469
198511
198553
198595
198637
198679
198721
198763
198805
198847
198889
198931
198973
199015
199057
199099
199141
199183
199225
199267
199309
199351
199393
199435
199477
199519
199561
199603
199645
199687
199729
199771
199813
199855
199897
199939
199981
200023
200065
200107
200149
200191
200233
200275
200317
200359
200401
200443
200485
200527
200569
200611
200653
200695
200737
200779
200821
200863
200905
200947
200989
201031
201073
201115
201157
201199
201241
201283
201325
201367
201409
201451
201493
201535
201577
201619
201661
201703
201745
201787
201829
201871
201913
201955
201997
202039
202081
202123
202165
202207
202249
202291
202333
202375
202417
202459
202501
202543
202585
202627
202669
202711
202753
202795
202837
202879
202921
202963
203005
203047
203089
203131
203173
203215
203257
203299
203341
203383
203425
203467
203509
203551
203593
203635
203677
203719
203761
203803
203845
203887
203929
203971
204013
204055
204097
204139
204181
204223
204265
204307
204349
204391
204433
204475
204517
204559
204601
204643
204685
204727
204769
204811
204853
204895
204937
204979
205021
205063
205105
205147
205189
205231
205273
205315
205357
205399
205441
205483
205525
205567
205609
205651
205693
205735
205777
205819
205861
205903
205945
205987
206029
206071
206113
206155
206197
206239
206281
206323
206365
206407
206449
206491
206533
206575
206617
206659
206701
206743
206785
206827
206869
206911
206953
206995
207037
207079
207121
207163
207205
207247
207289
207331
207373
207415
207457
207499
207541
207583
207625
207667
207709
207751
207793
207835
207877
207919
207961
208003
208045
208087
208129
208171
208213
208255
208297
208339
208381
208423
208465
208507
208549
208591
208633
208675
208717
208759
208801
208843
208885
208927
208969
209011
209053
209095
209137
209179
209221
209263
209305
209347
209389
209431
209473
209515
209557
209599
209641
209683
209725
209767
209809
209851
209893
209935
209977
210019
210061
210103
210145
210187
210229
210271
210313
210355
210397
210439
210481
210523
210565
210607
210649
210691
210733
210775
210817
210859
210901
210943
210985
211027
211069
211111
211153
211195
211237
211279
211321
211363
211405
211447
211489
211531
211573
211615
211657
211699
211741
211783
211825
211867
211909
211951
211993
212035
212077
212119
212161
212203
212245
212287
212329
212371
212413
212455
212497
212539
212581
212623
212665
212707
212749
212791
212833
212875
212917
212959
213001
213043
213085
213127
213169
213211
213253
213295
213337
213379
213421
213463
213505
213547
213589
213631
213673
213715
213757
213799
213841
213883
213925
213967
214009
214051
214093
214135
214177
214219
214261
214303
214345
214387
214429
214471
214513
214555
214597
214639
214681
214723
214765
214807
214849
214891
214933
214975
215017
215059
215101
215143
215185
215227
215269
215311
215353
215395
215437
215479
215521
215563
215605
215647
215689
215731
215773
215815
215857
215899
215941
215983
216025
216067
216109
216151
216193
216235
216277
216319
216361
216403
216445
216487
216529
216571
216613
216655
216697
216739
216781
216823
216865
216907
216949
216991
217033
217075
217117
217159
217201
217243
217285
217327
217369
217411
217453
217495
217537
217579
217621
217663
217705
217747
217789
217831
217873
217915
217957
217999
218041
218083
218125
218167
218209
218251
218293
218335
218377
218419
218461
218503
218545
218587
218629
218671
218713
218755
218797
218839
218881
218923
218965
219007
219049
219091
219133
219175
219217
219259
219301
219343
219385
219427
219469
219511
219553
219595
219637
219679
219721
219763
219805
219847
219889
219931
219973
220015
220057
220099
220141
220183
220225
220267
220309
220351
220393
220435
220477
220519
220561
220603
220645
220687
220729
220771
220813
220855
220897
220939
220981
221023
221065
221107
221149
221191
221233
221275
221317
221359
221401
221443
221485
221527
221569
221611
221653
221695
221737
221779
221821
221863
221905
221947
221989
222031
222073
222115
222157
222199
222241
222283
222325
222367
222409
222451
222493
222535
222577
222619
222661
222703
222745
222787
222829
222871
222913
222955
222997
223039
223081
223123
223165
223207
223249
223291
223333
223375
223417
223459
223501
223543
223585
223627
223669
223711
223753
223795
223837
223879
223921
223963
224005
224047
224089
224131
224173
224215
224257
224299
224341
224383
224425
224467
224509
224551
224593
224635
224677
224719
224761
224803
224845
224887
224929
224971
225013
225055
225097
225139
225181
225223
225265
225307
225349
225391
225433
225475
225517
225559
225601
225643
225685
225727
225769
225811
225853
225895
225937
225979
226021
226063
226105
226147
226189
226231
226273
226315
226357
226399
226441
226483
226525
226567
226609
226651
226693
226735
226777
226819
226861
226903
226945
226987
227029
227071
227113
227155
227197
227239
227281
227323
227365
227407
227449
227491
227533
227575
227617
227659
227701
227743
227785
227827
227869
227911
227953
227995
228037
228079
228121
228163
228205
228247
228289
228331
228373
228415
228457
228499
228541
228583
228625
228667
228709
228751
228793
228835
228877
228919
228961
229003
229045
229087
229129
229171
229213
229255
229297
229339
229381
229423
229465
229507
229549
229591
229633
229675
229717
229759
229801
229843
229885
229927
229969
230011
230053
230095
230137
230179
230221
230263
230305
230347
230389
230431
230473
230515
230557
230599
230641
230683
230725
230767
230809
230851
230893
230935
230977
231019
231061
231103
231145
231187
231229
231271
231313
231355
231397
231439
231481
231523
231565
231607
231649
231691
231733
231775
231817
231859
231901
231943
231985
232027
232069
232111
232153
232195
232237
232279
232321
232363
232405
232447
232489
232531
232573
232615
232657
232699
232741
232783
232825
232867
232909
232951
232993
233035
233077
233119
233161
233203
233245
233287
233329
233371
233413
233455
233497
233539
233581
233623
233665
233707
233749
233791
233833
233875
233917
233959
234001
234043
234085
234127
234169
234211
234253
234295
234337
234379
234421
234463
234505
234547
234589
234631
234673
234715
234757
234799
234841
234883
234925
234967
235009
235051
235093
235135
235177
235219
235261
235303
235345
235387
235429
235471
235513
235555
235597
235639
235681
235723
235765
235807
235849
235891
235933
235975
236017
236059
236101
236143
236185
236227
236269
236311
236353
236395
236437
236479
236521
236563
236605
236647
236689
236731
236773
236815
236857
236899
236941
236983
237025
237067
237109
237151
237193
237235
237277
237319
237361
237403
237445
237487
237529
237571
237613
237655
237697
237739
237781
237823
237865
237907
237949
237991
238033
238075
238117
238159
238201
238243
238285
238327
238369
238411
238453
238495
238537
238579
238621
238663
238705
238747
238789
238831
238873
238915
238957
238999
239041
239083
239125
239167
239209
239251
239293
239335
239377
239419
239461
239503
239545
239587
239629
239671
239713
239755
239797
239839
239881
239923
239965
240007
240049
240091
240133
240175
240217
240259
240301
240343
240385
240427
240469
240511
240553
240595
240637
240679
240721
240763
240805
240847
240889
240931
240973
241015
241057
241099
241141
241183
241225
241267
241309
241351
241393
241435
241477
241519
241561
241603
241645
241687
241729
241771
241813
241855
241897
241939
241981
242023
242065
242107
242149
242191
242233
242275
242317
242359
242401
242443
242485
242527
242569
242611
242653
242695
242737
242779
242821
242863
242905
242947
242989
243031
243073
243115
243157
243199
243241
243283
243325
243367
243409
243451
243493
243535
243577
243619
243661
243703
243745
243787
243829
243871
243913
243955
243997
244039
244081
244123
244165
244207
244249
244291
244333
244375
244417
244459
244501
244543
244585
244627
244669
244711
244753
244795
244837
244879
244921
244963
245005
245047
245089
245131
245173
245215
245257
245299
245341
245383
245425
245467
245509
245551
245593
245635
245677
245719
245761
245803
245845
245887
245929
245971
246013
246055
246097
246139
246181
246223
246265
246307
246349
246391
246433
246475
246517
246559
246601
246643
246685
246727
246769
246811
246853
246895
246937
246979
247021
247063
247105
247147
247189
247231
247273
247315
247357
247399
247441
247483
247525
247567
247609
247651
247693
247735
247777
247819
247861
247903
247945
247987
248029
248071
248113
248155
248197
248239
248281
248323
248365
248407
248449
248491
248533
248575
248617
248659
248701
248743
248785
248827
248869
248911
248953
248995
249037
249079
249121
249163
249205
249247
249289
249331
249373
249415
249457
249499
249541
249583
249625
249667
249709
249751
249793
249835
249877
249919
249961
250003
250045
250087
250129
250171
250213
250255
250297
250339
250381
250423
250465
250507
250549
250591
250633
250675
250717
250759
250801
250843
250885
250927
250969
251011
251053
251095
251137
251179
251221
251263
251305
251347
251389
251431
251473
251515
251557
251599
251641
251683
251725
251767
251809
251851
251893
251935
251977
252019
252061
252103
252145
252187
252229
252271
252313
252355
252397
252439
252481
252523
252565
252607
252649
252691
252733
252775
252817
252859
252901
252943
252985
253027
253069
253111
253153
253195
253237
253279
253321
253363
253405
253447
253489
253531
253573
253615
253657
253699
253741
253783
253825
253867
253909
253951
253993
254035
254077
254119
254161
254203
254245
254287
254329
254371
254413
254455
254497
254539
254581
254623
254665
254707
254749
254791
254833
254875
254917
254959
255001
255043
255085
255127
255169
255211
255253
255295
255337
255379
255421
255463
255505
255547
255589
255631
255673
255715
255757
255799
255841
255883
255925
255967
256009
256051
256093
256135
256177
256219
256261
256303
256345
256387
256429
256471
256513
256555
256597
256639
256681
256723
256765
256807
256849
256891
256933
256975
257017
257059
257101
257143
257185
257227
257269
257311
257353
257395
257437
257479
257521
257563
257605
257647
257689
257731
257773
257815
257857
257899
257941
257983
258025
258067
258109
258151
258193
258235
258277
258319
258361
258403
258445
258487
258529
258571
258613
258655
258697
258739
258781
258823
258865
258907
258949
258991
259033
259075
259117
259159
259201
259243
259285
259327
259369
259411
259453
259495
259537
259579
259621
259663
259705
259747
259789
259831
259873
259915
259957
259999
260041
260083
260125
260167
260209
260251
260293
260335
260377
260419
260461
260503
260545
260587
260629
260671
260713
260755
260797
260839
260881
260923
260965
261007
261049
261091
261133
261175
261217
261259
261301
261343
261385
261427
261469
261511
261553
261595
261637
261679
261721
261763
261805
261847
261889
261931
261973
262015
262057
262099
262141
262183
262225
262267
262309
262351
262393
262435
262477
262519
262561
262603
262645
262687
262729
262771
262813
262855
262897
262939
262981
263023
263065
263107
263149
263191
263233
263275
263317
263359
263401
263443
263485
263527
263569
263611
263653
263695
263737
263779
263821
263863
263905
263947
263989
264031
264073
264115
264157
264199
264241
264283
264325
264367
264409
264451
264493
264535
264577
264619
264661
264703
264745
264787
264829
264871
264913
264955
264997
265039
265081
265123
265165
265207
265249
265291
265333
265375
265417
265459
265501
265543
265585
265627
265669
265711
265753
265795
265837
265879
265921
265963
266005
266047
266089
266131
266173
266215
266257
266299
266341
266383
266425
266467
266509
266551
266593
266635
266677
266719
266761
266803
266845
266887
266929
266971
267013
267055
267097
267139
267181
267223
267265
267307
267349
267391
267433
267475
267517
267559
267601
267643
267685
267727
267769
267811
267853
267895
267937
267979
268021
268063
268105
268147
268189
268231
268273
268315
268357
268399
268441
268483
268525
268567
268609
268651
268693
268735
268777
268819
268861
268903
268945
268987
269029
269071
269113
269155
269197
269239
269281
269323
269365
269407
269449
269491
269533
269575
269617
269659
269701
269743
269785
269827
269869
269911
269953
269995
270037
270079
270121
270163
270205
270247
270289
270331
270373
270415
270457
270499
270541
270583
270625
270667
270709
270751
270793
270835
270877
270919
270961
271003
271045
271087
271129
271171
271213
271255
271297
271339
271381
271423
271465
271507
271549
271591
271633
271675
271717
271759
271801
271843
271885
271927
271969
272011
272053
272095
272137
272179
272221
272263
272305
272347
272389
272431
272473
272515
272557
272599
272641
272683
272725
272767
272809
272851
272893
272935
272977
273019
273061
273103
273145
273187
273229
273271
273313
273355
273397
273439
273481
273523
273565
273607
273649
273691
273733
273775
273817
273859
273901
273943
273985
274027
274069
274111
274153
274195
274237
274279
274321
274363
274405
274447
274489
274531
274573
274615
274657
274699
274741
274783
274825
274867
274909
274951
274993
275035
275077
275119
275161
275203
275245
275287
275329
275371
275413
275455
275497
275539
275581
275623
275665
275707
275749
275791
275833
275875
275917
275959
276001
276043
276085
276127
276169
276211
276253
276295
276337
276379
276421
276463
276505
276547
276589
276631
276673
276715
276757
276799
276841
276883
276925
276967
277009
277051
277093
277135
277177
277219
277261
277303
277345
277387
277429
277471
277513
277555
277597
277639
277681
277723
277765
277807
277849
277891
277933
277975
278017
278059
278101
278143
278185
278227
278269
278311
278353
278395
278437
278479
278521
278563
278605
278647
278689
278731
278773
278815
278857
278899
278941
278983
279025
279067
279109
279151
279193
279235
279277
279319
279361
279403
279445
279487
279529
279571
279613
279655
279697
279739
279781
279823
279865
279907
279949
279991
280033
280075
280117
280159
280201
280243
280285
280327
280369
280411
280453
280495
280537
280579
280621
280663
280705
280747
280789
280831
280873
280915
280957
280999
281041
281083
281125
281167
281209
281251
281293
281335
281377
281419
281461
281503
281545
281587
281629
281671
281713
281755
281797
281839
281881
281923
281965
282007
282049
282091
282133
282175
282217
282259
282301
282343
282385
282427
282469
282511
282553
282595
282637
282679
282721
282763
282805
282847
282889
282931
282973
283015
283057
283099
283141
283183
283225
283267
283309
283351
283393
283435
283477
283519
283561
283603
283645
283687
283729
283771
283813
283855
283897
283939
283981
284023
284065
284107
284149
284191
284233
284275
284317
284359
284401
284443
284485
284527
284569
284611
284653
284695
284737
284779
284821
284863
284905
284947
284989
285031
285073
285115
285157
285199
285241
285283
285325
285367
285409
285451
285493
285535
285577
285619
285661
285703
285745
285787
285829
285871
285913
285955
285997
286039
286081
286123
286165
286207
286249
286291
286333
286375
286417
286459
286501
286543
286585
286627
286669
286711
286753
286795
286837
286879
286921
286963
287005
287047
287089
287131
287173
287215
287257
287299
287341
287383
287425
287467
287509
287551
287593
287635
287677
287719
287761
287803
287845
287887
287929
287971
288013
288055
288097
288139
288181
288223
288265
288307
288349
288391
288433
288475
288517
288559
288601
288643
288685
288727
288769
288811
288853
288895
288937
288979
289021
289063
289105
289147
289189
289231
289273
289315
289357
289399
289441
289483
289525
289567
289609
289651
289693
289735
289777
289819
289861
289903
289945
289987
290029
290071
290113
290155
290197
290239
290281
290323
290365
290407
290449
290491
290533
290575
290617
290659
290701
290743
290785
290827
290869
290911
290953
290995
291037
291079
291121
291163
291205
291247
291289
291331
291373
291415
291457
291499
291541
291583
291625
291667
291709
291751
291793
291835
291877
291919
291961
292003
292045
292087
292129
292171
292213
292255
292297
292339
292381
292423
292465
292507
292549
292591
292633
292675
292717
292759
292801
292843
292885
292927
292969
293011
293053
293095
293137
293179
293221
293263
293305
293347
293389
293431
293473
293515
293557
293599
293641
293683
293725
293767
293809
293851
293893
293935
293977
294019
294061
294103
294145
294187
294229
294271
294313
294355
294397
294439
294481
294523
294565
294607
294649
294691
294733
294775
294817
294859
294901
294943
294985
295027
295069
295111
295153
295195
295237
295279
295321
295363
295405
295447
295489
295531
295573
295615
295657
295699
295741
295783
295825
295867
295909
295951
295993
296035
296077
296119
296161
296203
296245
296287
296329
296371
296413
296455
296497
296539
296581
296623
296665
296707
296749
296791
296833
296875
296917
296959
297001
297043
297085
297127
297169
297211
297253
297295
297337
297379
297421
297463
297505
297547
297589
297631
297673
297715
297757
297799
297841
297883
297925
297967
298009
298051
298093
298135
298177
298219
298261
298303
298345
298387
298429
298471
298513
298555
298597
298639
298681
298723
298765
298807
298849
298891
298933
298975
299017
299059
299101
299143
299185
299227
299269
299311
299353
299395
299437
299479
299521
299563
299605
299647
299689
299731
299773
299815
299857
299899
299941
299983
300025
300067
300109
300151
300193
300235
300277
300319
300361
300403
300445
300487
300529
300571
300613
300655
300697
300739
300781
300823
300865
300907
300949
300991
301033
301075
301117
301159
301201
301243
301285
301327
301369
301411
301453
301495
301537
301579
301621
301663
301705
301747
301789
301831
301873
301915
301957
301999
302041
302083
302125
302167
302209
302251
302293
302335
302377
302419
302461
302503
302545
302587
302629
302671
302713
302755
302797
302839
302881
302923
302965
303007
303049
303091
303133
303175
303217
303259
303301
303343
303385
303427
303469
303511
303553
303595
303637
303679
303721
303763
303805
303847
303889
303931
303973
304015
304057
304099
304141
304183
304225
304267
304309
304351
304393
304435
304477
304519
304561
304603
304645
304687
304729
304771
304813
304855
304897
304939
304981
305023
305065
305107
305149
305191
305233
305275
305317
305359
305401
305443
305485
305527
305569
305611
305653
305695
305737
305779
305821
305863
305905
305947
305989
306031
306073
306115
306157
306199
306241
306283
306325
306367
306409
306451
306493
306535
306577
306619
306661
306703
306745
306787
306829
306871
306913
306955
306997
307039
307081
307123
307165
307207
307249
307291
307333
307375
307417
307459
307501
307543
307585
307627
307669
307711
307753
307795
307837
307879
307921
307963
308005
308047
308089
308131
308173
308215
308257
308299
308341
308383
308425
308467
308509
308551
308593
308635
308677
308719
308761
308803
308845
308887
308929
308971
309013
309055
309097
309139
309181
309223
309265
309307
309349
309391
309433
309475
309517
309559
309601
309643
309685
309727
309769
309811
309853
309895
309937
309979
310021
310063
310105
310147
310189
310231
310273
310315
310357
310399
310441
310483
310525
310567
310609
310651
310693
310735
310777
310819
310861
310903
310945
310987
311029
311071
311113
311155
311197
311239
311281
311323
311365
311407
311449
311491
311533
311575
311617
311659
311701
311743
311785
311827
311869
311911
311953
311995
312037
312079
312121
312163
312205
312247
312289
312331
312373
312415
312457
312499
312541
312583
312625
312667
312709
312751
312793
312835
312877
312919
312961
313003
313045
313087
313129
313171
313213
313255
313297
313339
313381
313423
313465
313507
313549
313591
313633
313675
313717
313759
313801
313843
313885
313927
313969
314011
314053
314095
314137
314179
314221
314263
314305
314347
314389
314431
314473
314515
314557
314599
314641
314683
314725
314767
314809
314851
314893
314935
314977
315019
315061
315103
315145
315187
315229
315271
315313
315355
315397
315439
315481
315523
315565
315607
315649
315691
315733
315775
315817
315859
315901
315943
315985
316027
316069
316111
316153
316195
316237
316279
316321
316363
316405
316447
316489
316531
316573
316615
316657
316699
316741
316783
316825
316867
316909
316951
316993
317035
317077
317119
317161
317203
317245
317287
317329
317371
317413
317455
317497
317539
317581
317623
317665
317707
317749
317791
317833
317875
317917
317959
318001
318043
318085
318127
318169
318211
318253
318295
318337
318379
318421
318463
318505
318547
318589
318631
318673
318715
318757
318799
318841
318883
318925
318967
319009
319051
319093
319135
319177
319219
319261
319303
319345
319387
319429
319471
319513
319555
319597
319639
319681
319723
319765
319807
319849
319891
319933
319975
320017
320059
320101
320143
320185
320227
320269
320311
320353
320395
320437
320479
320521
320563
320605
320647
320689
320731
320773
320815
320857
320899
320941
320983
321025
321067
321109
321151
321193
321235
321277
321319
321361
321403
321445
321487
321529
321571
321613
321655
321697
321739
321781
321823
321865
321907
321949
321991
322033
322075
322117
322159
322201
322243
322285
322327
322369
322411
322453
322495
322537
322579
322621
322663
322705
322747
322789
322831
322873
322915
322957
322999
323041
323083
323125
323167
323209
323251
323293
323335
323377
323419
323461
323503
323545
323587
323629
323671
323713
323755
323797
323839
323881
323923
323965
324007
324049
324091
324133
324175
324217
324259
324301
324343
324385
324427
324469
324511
324553
324595
324637
324679
324721
324763
324805
324847
324889
324931
324973
325015
325057
325099
325141
325183
325225
325267
325309
325351
325393
325435
325477
325519
325561
325603
325645
325687
325729
325771
325813
325855
325897
325939
325981
326023
326065
326107
326149
326191
326233
326275
326317
326359
326401
326443
326485
326527
326569
326611
326653
326695
326737
326779
326821
326863
326905
326947
326989
327031
327073
327115
327157
327199
327241
327283
327325
327367
327409
327451
327493
327535
327577
327619
327661
327703
327745
327787
327829
327871
327913
327955
327997
328039
328081
328123
328165
328207
328249
328291
328333
328375
328417
328459
328501
328543
328585
328627
328669
328711
328753
328795
328837
328879
328921
328963
329005
329047
329089
329131
329173
329215
329257
329299
329341
329383
329425
329467
329509
329551
329593
329635
329677
329719
329761
329803
329845
329887
329929
329971
330013
330055
330097
330139
330181
330223
330265
330307
330349
330391
330433
330475
330517
330559
330601
330643
330685
330727
330769
330811
330853
330895
330937
330979
331021
331063
331105
331147
331189
331231
331273
331315
331357
331399
331441
331483
331525
331567
331609
331651
331693
331735
331777
331819
331861
331903
331945
331987
332029
332071
332113
332155
332197
332239
332281
332323
332365
332407
332449
332491
332533
332575
332617
332659
332701
332743
332785
332827
332869
332911
332953
332995
333037
333079
333121
333163
333205
333247
333289
333331
333373
333415
333457
333499
333541
333583
333625
333667
333709
333751
333793
333835
333877
333919
333961
334003
334045
334087
334129
334171
334213
334255
334297
334339
334381
334423
334465
334507
334549
334591
334633
334675
334717
334759
334801
334843
334885
334927
334969
335011
335053
335095
335137
335179
335221
335263
335305
335347
335389
335431
335473
335515
335557
335599
335641
335683
335725
335767
335809
335851
335893
335935
335977
336019
336061
336103
336145
336187
336229
336271
336313
336355
336397
336439
336481
336523
336565
336607
336649
336691
336733
336775
336817
336859
336901
336943
336985
337027
337069
337111
337153
337195
337237
337279
337321
337363
337405
337447
337489
337531
337573
337615
337657
337699
337741
337783
337825
337867
337909
337951
337993
338035
338077
338119
338161
338203
338245
338287
338329
338371
338413
338455
338497
338539
338581
338623
338665
338707
338749
338791
338833
338875
338917
338959
339001
339043
339085
339127
339169
339211
339253
339295
339337
339379
339421
339463
339505
339547
339589
339631
339673
339715
339757
339799
339841
339883
339925
339967
340009
340051
340093
340135
340177
340219
340261
340303
340345
340387
340429
340471
340513
340555
340597
340639
340681
340723
340765
340807
340849
340891
340933
340975
341017
341059
341101
341143
341185
341227
341269
341311
341353
341395
341437
341479
341521
341563
341605
341647
341689
341731
341773
341815
341857
341899
341941
341983
342025
342067
342109
342151
342193
342235
342277
342319
342361
342403
342445
342487
342529
342571
342613
342655
342697
342739
342781
342823
342865
342907
342949
342991
343033
343075
343117
343159
343201
343243
343285
343327
343369
343411
343453
343495
343537
343579
343621
343663
343705
343747
343789
343831
343873
343915
343957
343999
344041
344083
344125
344167
344209
344251
344293
344335
344377
344419
344461
344503
344545
344587
344629
344671
344713
344755
344797
344839
344881
344923
344965
345007
345049
345091
345133
345175
345217
345259
345301
345343
345385
345427
345469
345511
345553
345595
345637
345679
345721
345763
345805
345847
345889
345931
345973
346015
346057
346099
346141
346183
346225
346267
346309
346351
346393
346435
346477
346519
346561
346603
346645
346687
346729
346771
346813
346855
346897
346939
346981
347023
347065
347107
347149
347191
347233
347275
347317
347359
347401
347443
347485
347527
347569
347611
347653
347695
347737
347779
347821
347863
347905
347947
347989
348031
348073
348115
348157
348199
348241
348283
348325
348367
348409
348451
348493
348535
348577
348619
348661
348703
348745
348787
348829
348871
348913
348955
348997
349039
349081
349123
349165
349207
349249
349291
349333
349375
349417
349459
349501
349543
349585
349627
349669
349711
349753
349795
349837
349879
349921
349963
350005
350047
350089
350131
350173
350215
350257
350299
350341
350383
350425
350467
350509
350551
350593
350635
350677
350719
350761
350803
350845
350887
350929
350971
351013
351055
351097
351139
351181
351223
351265
351307
351349
351391
351433
351475
351517
351559
351601
351643
351685
351727
351769
351811
351853
351895
351937
351979
352021
352063
352105
352147
352189
352231
352273
352315
352357
352399
352441
352483
352525
352567
352609
352651
352693
352735
352777
352819
352861
352903
352945
352987
353029
353071
353113
353155
353197
353239
353281
353323
353365
353407
353449
353491
353533
353575
353617
353659
353701
353743
353785
353827
353869
353911
353953
353995
354037
354079
354121
354163
354205
354247
354289
354331
354373
354415
354457
354499
354541
354583
354625
354667
354709
354751
354793
354835
354877
354919
354961
355003
355045
355087
355129
355171
355213
355255
355297
355339
355381
355423
355465
355507
355549
355591
355633
355675
355717
355759
355801
355843
355885
355927
355969
356011
356053
356095
356137
356179
356221
356263
356305
356347
356389
356431
356473
356515
356557
356599
356641
356683
356725
356767
356809
356851
356893
356935
356977
357019
357061
357103
357145
357187
357229
357271
357313
357355
357397
357439
357481
357523
357565
357607
357649
357691
357733
357775
357817
357859
357901
357943
357985
358027
358069
358111
358153
358195
358237
358279
358321
358363
358405
358447
358489
358531
358573
358615
358657
358699
358741
358783
358825
358867
358909
358951
358993
359035
359077
359119
359161
359203
359245
359287
359329
359371
359413
359455
359497
359539
359581
359623
359665
359707
359749
359791
359833
359875
359917
359959
360001
360043
360085
360127
360169
360211
360253
360295
360337
360379
360421
360463
360505
360547
360589
360631
360673
360715
360757
360799
360841
360883
360925
360967
361009
361051
361093
361135
361177
361219
361261
361303
361345
361387
361429
361471
361513
361555
361597
361639
361681
361723
361765
361807
361849
361891
361933
361975
362017
362059
362101
362143
362185
362227
362269
362311
362353
362395
362437
362479
362521
362563
362605
362647
362689
362731
362773
362815
362857
362899
362941
362983
363025
363067
363109
363151
363193
363235
363277
363319
363361
363403
363445
363487
363529
363571
363613
363655
363697
363739
363781
363823
363865
363907
363949
363991
364033
364075
364117
364159
364201
364243
364285
364327
364369
364411
364453
364495
364537
364579
364621
364663
364705
364747
364789
364831
364873
364915
364957
364999
365041
365083
365125
365167
365209
365251
365293
365335
365377
365419
365461
365503
365545
365587
365629
365671
365713
365755
365797
365839
365881
365923
365965
366007
366049
366091
366133
366175
366217
366259
366301
366343
366385
366427
366469
366511
366553
366595
366637
366679
366721
366763
366805
366847
366889
366931
366973
367015
367057
367099
367141
367183
367225
367267
367309
367351
367393
367435
367477
367519
367561
367603
367645
367687
367729
367771
367813
367855
367897
367939
367981
368023
368065
368107
368149
368191
368233
368275
368317
368359
368401
368443
368485
368527
368569
368611
368653
368695
368737
368779
368821
368863
368905
368947
368989
369031
369073
369115
369157
369199
369241
369283
369325
369367
369409
369451
369493
369535
369577
369619
369661
369703
369745
369787
369829
369871
369913
369955
369997
370039
370081
370123
370165
370207
370249
370291
370333
370375
370417
370459
370501
370543
370585
370627
370669
370711
370753
370795
370837
370879
370921
370963
371005
371047
371089
371131
371173
371215
371257
371299
371341
371383
371425
371467
371509
371551
371593
371635
371677
371719
371761
371803
371845
371887
371929
371971
372013
372055
372097
372139
372181
372223
372265
372307
372349
372391
372433
372475
372517
372559
372601
372643
372685
372727
372769
372811
372853
372895
372937
372979
373021
373063
373105
373147
373189
373231
373273
373315
373357
373399
373441
373483
373525
373567
373609
373651
373693
373735
373777
373819
373861
373903
373945
373987
374029
374071
374113
374155
374197
374239
374281
374323
374365
374407
374449
374491
374533
374575
374617
374659
374701
374743
374785
374827
374869
374911
374953
374995
375037
375079
375121
375163
375205
375247
375289
375331
375373
375415
375457
375499
375541
375583
375625
375667
375709
375751
375793
375835
375877
375919
375961
376003
376045
376087
376129
376171
376213
376255
376297
376339
376381
376423
376465
376507
376549
376591
376633
376675
376717
376759
376801
376843
376885
376927
376969
377011
377053
377095
377137
377179
377221
377263
377305
377347
377389
377431
377473
377515
377557
377599
377641
377683
377725
377767
377809
377851
377893
377935
377977
378019
378061
378103
378145
378187
378229
378271
378313
378355
378397
378439
378481
378523
378565
378607
378649
378691
378733
378775
378817
378859
378901
378943
378985
379027
379069
379111
379153
379195
379237
379279
379321
379363
379405
379447
379489
379531
379573
379615
379657
379699
379741
379783
379825
379867
379909
379951
379993
380035
380077
380119
380161
380203
380245
380287
380329
380371
380413
380455
380497
380539
380581
380623
380665
380707
380749
380791
380833
380875
380917
380959
381001
381043
381085
381127
381169
381211
381253
381295
381337
381379
381421
381463
381505
381547
381589
381631
381673
381715
381757
381799
381841
381883
381925
381967
382009
382051
382093
382135
382177
382219
382261
382303
382345
382387
382429
382471
382513
382555
382597
382639
382681
382723
382765
382807
382849
382891
382933
382975
383017
383059
383101
383143
383185
383227
383269
383311
383353
383395
383437
383479
383521
383563
383605
383647
383689
383731
383773
383815
383857
383899
383941
383983
384025
384067
384109
384151
384193
384235
384277
384319
384361
384403
384445
384487
384529
384571
384613
384655
384697
384739
384781
384823
384865
384907
384949
384991
385033
385075
385117
385159
385201
385243
385285
385327
385369
385411
385453
385495
385537
385579
385621
385663
385705
385747
385789
385831
385873
385915
385957
385999
386041
386083
386125
386167
386209
386251
386293
386335
386377
386419
386461
386503
386545
386587
386629
386671
386713
386755
386797
386839
386881
386923
386965
387007
387049
387091
387133
387175
387217
387259
387301
387343
387385
387427
387469
387511
387553
387595
387637
387679
387721
387763
387805
387847
387889
387931
387973
388015
388057
388099
388141
388183
388225
388267
388309
388351
388393
388435
388477
388519
388561
388603
388645
388687
388729
388771
388813
388855
388897
388939
388981
389023
389065
389107
389149
389191
389233
389275
389317
389359
389401
389443
389485
389527
389569
389611
389653
389695
389737
389779
389821
389863
389905
389947
389989
390031
390073
390115
390157
390199
390241
390283
390325
390367
390409
390451
390493
390535
390577
390619
390661
390703
390745
390787
390829
390871
390913
390955
390997
391039
391081
391123
391165
391207
391249
391291
391333
391375
391417
391459
391501
391543
391585
391627
391669
391711
391753
391795
391837
391879
391921
391963
392005
392047
392089
392131
392173
392215
392257
392299
392341
392383
392425
392467
392509
392551
392593
392635
392677
392719
392761
392803
392845
392887
392929
392971
393013
393055
393097
393139
393181
393223
393265
393307
393349
393391
393433
393475
393517
393559
393601
393643
393685
393727
393769
393811
393853
393895
393937
393979
394021
394063
394105
394147
394189
394231
394273
394315
394357
394399
394441
394483
394525
394567
394609
394651
394693
394735
394777
394819
394861
394903
394945
394987
395029
395071
395113
395155
395197
395239
395281
395323
395365
395407
395449
395491
395533
395575
395617
395659
395701
395743
395785
395827
395869
395911
395953
395995
396037
396079
396121
396163
396205
396247
396289
396331
396373
396415
396457
396499
396541
396583
396625
396667
396709
396751
396793
396835
396877
396919
396961
397003
397045
397087
397129
397171
397213
397255
397297
397339
397381
397423
397465
397507
397549
397591
397633
397675
397717
397759
397801
397843
397885
397927
397969
398011
398053
398095
398137
398179
398221
398263
398305
398347
398389
398431
398473
398515
398557
398599
398641
398683
398725
398767
398809
398851
398893
398935
398977
399019
399061
399103
399145
399187
399229
399271
399313
399355
399397
399439
399481
399523
399565
399607
399649
399691
399733
399775
399817
399859
399901
399943
399985
400027
400069
400111
400153
400195
400237
400279
400321
400363
400405
400447
400489
400531
400573
400615
400657
400699
400741
400783
400825
400867
400909
400951
400993
401035
401077
401119
401161
401203
401245
401287
401329
401371
401413
401455
401497
401539
401581
401623
401665
401707
401749
401791
401833
401875
401917
401959
402001
402043
402085
402127
402169
402211
402253
402295
402337
402379
402421
402463
402505
402547
402589
402631
402673
402715
402757
402799
402841
402883
402925
402967
403009
403051
403093
403135
403177
403219
403261
403303
403345
403387
403429
403471
403513
403555
403597
403639
403681
403723
403765
403807
403849
403891
403933
403975
404017
404059
404101
404143
404185
404227
404269
404311
404353
404395
404437
404479
404521
404563
404605
404647
404689
404731
404773
404815
404857
404899
404941
404983
405025
405067
405109
405151
405193
405235
405277
405319
405361
405403
405445
405487
405529
405571
405613
405655
405697
405739
405781
405823
405865
405907
405949
405991
406033
406075
406117
406159
406201
406243
406285
406327
406369
406411
406453
406495
406537
406579
406621
406663
406705
406747
406789
406831
406873
406915
406957
406999
407041
407083
407125
407167
407209
407251
407293
407335
407377
407419
407461
407503
407545
407587
407629
407671
407713
407755
407797
407839
407881
407923
407965
408007
408049
408091
408133
408175
408217
408259
408301
408343
408385
408427
408469
408511
408553
408595
408637
408679
408721
408763
408805
408847
408889
408931
408973
409015
409057
409099
409141
409183
409225
409267
409309
409351
409393
409435
409477
409519
409561
409603
409645
409687
409729
409771
409813
409855
409897
409939
409981
410023
410065
410107
410149
410191
410233
410275
410317
410359
410401
410443
410485
410527
410569
410611
410653
410695
410737
410779
410821
410863
410905
410947
410989
411031
411073
411115
411157
411199
411241
411283
411325
411367
411409
411451
411493
411535
411577
411619
411661
411703
411745
411787
411829
411871
411913
411955
411997
412039
412081
412123
412165
412207
412249
412291
412333
412375
412417
412459
412501
412543
412585
412627
412669
412711
412753
412795
412837
412879
412921
412963
413005
413047
413089
413131
413173
413215
413257
413299
413341
413383
413425
413467
413509
413551
413593
413635
413677
413719
413761
413803
413845
413887
413929
413971
414013
414055
414097
414139
414181
414223
414265
414307
414349
414391
414433
414475
414517
414559
414601
414643
414685
414727
414769
414811
414853
414895
414937
414979
415021
415063
415105
415147
415189
415231
415273
415315
415357
415399
415441
415483
415525
415567
415609
415651
415693
415735
415777
415819
415861
415903
415945
415987
416029
416071
416113
416155
416197
416239
416281
416323
416365
416407
416449
416491
416533
416575
416617
416659
416701
416743
416785
416827
416869
416911
416953
416995
417037
417079
417121
417163
417205
417247
417289
417331
417373
417415
417457
417499
417541
417583
417625
417667
417709
417751
417793
417835
417877
417919
417961
418003
418045
418087
418129
418171
418213
418255
418297
418339
418381
418423
418465
418507
418549
418591
418633
418675
418717
418759
418801
418843
418885
418927
418969
419011
419053
419095
419137
419179
419221
419263
419305
419347
419389
419431
419473
419515
419557
419599
419641
419683
419725
419767
419809
419851
419893
419935
419977
420019
