1
2131283724 5 0 0 1 1 
2131289198 20 0 2 1 1 
2131291113 21 0 0 1 1 
2131292828 20 1 2 1 1 
2131294599 21 1 0 1 1 
2131296352 20 2 2 1 1 
2131298084 21 2 0 1 1 
2131299786 20 3 2 1 1 
2131301490 21 3 0 1 1 
2131303287 20 4 2 1 1 
2131305008 21 4 0 1 1 
2131306706 20 5 2 1 1 
2131308416 21 5 0 1 1 
2131310226 20 6 2 1 1 
2131311864 21 6 0 1 1 
2131314040 20 7 2 1 1 
2131315478 21 7 0 1 1 
2131317431 20 8 2 1 1 
2131318905 21 6 1 4 4 
2131320632 21 8 0 1 1 
2131322407 21 7 1 7 7 
2131324236 20 9 2 1 1 
2131325883 21 9 0 1 1 
2131327583 21 8 1 5 5 
2131329396 21 5 1 3 3 
2131333968 20 A 2 4 4 
2131336115 20 B 2 1 1 
2131338329 21 A 0 4 4 
2131340246 21 B 0 1 1 
2131341968 20 C 2 4 4 
2131343662 20 D 2 1 1 
2131345404 21 9 1 6 6 
2131347301 21 C 0 4 4 
2131348981 21 D 0 1 1 
2131350662 20 E 2 4 4 
2131352398 20 F 2 1 1 
2131354118 21 F 0 1 1 
2131355849 21 E 0 4 4 
2131357633 20 10 2 1 1 
2131359354 20 11 2 4 4 
2131361126 21 10 0 1 1 
2131362882 21 11 0 4 4 
2131364672 20 12 2 1 1 
2131366463 20 13 2 4 4 
2131368227 21 12 0 1 1 
2131369968 21 13 0 4 4 
2131371676 20 14 2 1 1 
2131373088 20 15 2 4 4 
2131374624 21 14 0 1 1 
2131377180 21 15 0 4 4 
2131379252 20 16 2 1 1 
2131381379 20 17 2 4 4 
2131383092 21 16 0 1 1 
2131384838 21 17 0 4 4 
2131386663 20 18 2 1 1 
2131388404 20 19 2 4 4 
2131390108 21 19 0 4 4 
2131391874 21 18 0 1 1 
2131393630 20 1A 2 4 4 
2131395412 20 1B 2 1 1 
2131397172 21 1A 0 4 4 
2131398951 21 1B 0 1 1 
2131400700 20 1C 2 4 4 
2131402454 20 1D 2 1 1 
2131404134 21 1D 0 1 1 
2131405882 21 1C 0 4 4 
2131407715 20 1E 2 1 1 
2131409450 20 1F 2 4 4 
2131410864 21 1E 0 1 1 
2131413316 21 1F 0 4 4 
2131415132 20 20 2 1 1 
2131416963 20 21 2 4 4 
2131418675 21 20 0 1 1 
2131420495 21 21 0 4 4 
2131422193 21 20 1 8 8 
2131424018 20 22 2 4 4 
2131425661 21 22 0 4 4 
2131427497 22 20 1 8 8 
2131429276 20 23 2 4 4 
2131431000 21 1D 1 8 8 
2131432689 21 23 0 4 4 
2131435097 21 23 1 2 2 
2131436926 22 23 0 4 4 
2131439516 21 22 1 4 4 
2131443254 22 23 1 2 2 
2131446099 21 21 1 2 2 
2131470047 22 21 1 2 2 
2131472198 21 1F 1 2 2 
2131476969 22 22 1 4 4 
2131479370 21 1C 1 4 4 
2131483234 22 1D 1 8 8 
2131485446 21 1B 1 8 8 
2131510985 22 1F 1 2 2 
2131513118 22 20 0 1 1 
2131514809 21 1A 1 2 2 
2131516338 21 18 1 1 1 
2131518074 22 1A 1 2 2 
2131520137 21 19 1 2 2 
2131521654 22 1B 1 8 8 
2131523974 21 16 1 8 8 
2131568838 22 1C 1 4 4 
2131570671 22 19 1 2 2 
2131572606 21 17 1 4 4 
2131574458 22 18 1 1 1 
2131576131 21 15 1 2 2 
2131577591 21 14 1 1 1 
2131632461 22 17 1 4 4 
2131634867 21 13 1 4 4 
2131752119 22 16 1 8 8 
2131754435 21 12 1 8 8 
2131762406 22 14 1 1 1 
2131764821 21 10 1 1 1 
2131837838 22 15 1 2 2 
2131840248 21 11 1 2 2 
2131878020 22 13 1 4 4 
2131880480 21 E 1 4 4 
2131943527 22 12 1 8 8 
2131945937 21 F 1 8 8 
2131989706 22 10 1 1 1 
2131992174 21 D 1 1 1 
2132130231 22 F 1 8 8 
2132132595 21 B 1 8 8 
2132159121 22 E 1 4 4 
2132161381 21 C 1 4 4 
2132163845 22 C 1 4 4 
2132165842 21 A 1 4 4 
2132168027 22 11 1 2 2 
2132169918 22 A 1 4 4 
2132172386 20 24 2 5 5 
2132174499 21 24 0 5 5 
2132176033 20 25 2 5 5 
2132177508 21 25 0 5 5 
2132179847 20 26 2 5 5 
2132181615 21 26 0 5 5 
2132183396 20 27 2 5 5 
2132185170 21 27 0 5 5 
2132186937 20 28 2 5 5 
2132188680 21 28 0 5 5 
2132190402 20 29 2 5 5 
2132192149 21 29 0 5 5 
2132193992 20 2A 2 5 5 
2132195742 21 2A 0 5 5 
2132197471 20 2B 2 5 5 
2132199232 21 2B 0 5 5 
2132201009 20 2C 2 5 5 
2132202831 21 2C 0 5 5 
2132204556 20 2D 2 5 5 
2132206420 21 2D 0 5 5 
2132208112 20 2E 2 5 5 
2132209866 21 2E 0 5 5 
2132211589 20 2F 2 5 5 
2132212973 21 2F 0 5 5 
2132214456 20 30 2 5 5 
2132216728 21 30 0 5 5 
2132218455 20 31 2 5 5 
2132220212 21 31 0 5 5 
2132221950 20 32 2 5 5 
2132223774 21 32 0 5 5 
2132225547 20 33 2 5 5 
2132227311 21 33 0 5 5 
2132229042 20 34 2 5 5 
2132230797 21 34 0 5 5 
2132233208 21 34 1 2 2 
2132234941 22 34 0 5 5 
2132236988 20 35 2 7 7 
2132239306 24 34 1 2 2 
2132241166 21 35 0 7 7 
2132242997 25 34 1 5 5 
2132244734 21 33 1 2 2 
2132246544 20 36 2 7 7 
2132248369 22 33 1 2 2 
2132250060 21 36 0 7 7 
2132251462 21 2E 1 2 2 
2132252960 22 34 1 5 5 
2132255178 22 2E 1 2 2 
2132257084 20 37 2 7 7 
2132258759 21 2D 1 5 5 
2132260515 21 37 0 7 7 
2132262249 21 2C 1 2 2 
2132264078 20 38 2 7 7 
2132265691 22 2D 1 5 5 
2132267544 21 38 0 7 7 
2132269258 21 2B 1 5 5 
2132271022 20 39 2 7 7 
2132272687 21 39 0 7 7 
2132274445 20 3A 2 7 7 
2132276266 22 2C 1 2 2 
2132278090 21 3A 0 7 7 
2132279743 21 2A 1 2 2 
2132281500 20 3B 2 7 7 
2132283208 21 3B 0 7 7 
2132284965 20 3C 2 7 7 
2132286718 21 3C 0 7 7 
2132288164 20 3D 2 7 7 
2132290770 22 2B 1 5 5 
2132292672 21 3D 0 7 7 
2132294306 21 29 1 5 5 
2132295766 20 3E 2 7 7 
2132298415 22 29 1 5 5 
2132300549 21 3E 0 7 7 
2132302608 21 28 1 5 5 
2132304380 20 3F 2 7 7 
2132306183 22 28 1 5 5 
2132307986 21 3F 0 7 7 
2132309657 21 27 1 5 5 
2132311428 20 40 2 7 7 
2132313150 21 40 0 7 7 
2132314909 20 41 2 7 7 
2132316680 21 41 0 7 7 
2132318550 20 42 2 7 7 
2132320195 21 42 0 7 7 
2132322684 21 42 1 4 4 
2132325339 22 42 1 4 4 
2132327046 22 2A 1 2 2 
2132328950 21 3E 1 4 4 
2132330797 21 26 1 2 2 
2132332498 22 42 0 7 7 
2132334305 22 26 1 2 2 
2132335835 21 3D 1 7 7 
2132338447 21 25 1 2 2 
2132340269 22 3E 1 4 4 
2132342071 22 25 1 2 2 
2132343898 21 3C 1 4 4 
2132345522 21 24 1 2 2 
2132347261 22 3C 1 4 4 
2132349360 21 3B 1 4 4 
2132351590 22 3D 1 7 7 
2132353224 22 3B 1 4 4 
2132354935 21 3A 1 7 7 
2132356808 21 39 1 4 4 
2132358321 22 3A 1 7 7 
2132360382 21 38 1 7 7 
2132363222 22 38 1 7 7 
2132365295 21 37 1 7 7 
2132367769 22 37 1 7 7 
2132369700 21 36 1 7 7 
2132372175 22 36 1 7 7 
2132374196 21 35 1 7 7 
2132388342 22 27 1 5 5 
2132392375 20 43 2 6 6 
2132394604 21 43 0 6 6 
2132396423 20 44 2 6 6 
2132398298 21 44 0 6 6 
2132399935 20 45 2 6 6 
2132401681 21 45 0 6 6 
2132403438 20 46 2 6 6 
2132405168 21 46 0 6 6 
2132406951 20 47 2 6 6 
2132408700 21 47 0 6 6 
2132410450 20 48 2 6 6 
2132412187 21 48 0 6 6 
2132413902 20 49 2 6 6 
2132415647 21 49 0 6 6 
2132417475 20 4A 2 6 6 
2132419226 21 4A 0 6 6 
2132420940 20 4B 2 6 6 
2132422673 21 4B 0 6 6 
2132424438 20 4C 2 6 6 
2132426260 21 4C 0 6 6 
2132428538 21 4C 1 5 5 
2132430648 22 4C 0 6 6 
2132432199 22 4C 1 5 5 
2132433993 21 4B 1 6 6 
2132435973 22 4B 1 6 6 
2132437563 21 4A 1 5 5 
2132439694 21 49 1 6 6 
2132442478 22 39 1 4 4 
2132444689 22 49 1 6 6 
2132446713 20 4D 2 3 3 
2132448698 21 48 1 6 6 
2132450217 21 4D 0 3 3 
2132451764 20 4E 2 3 3 
2132453484 21 4E 0 3 3 
2132455247 20 4F 2 3 3 
2132457050 21 4F 0 3 3 
2132458769 20 50 2 3 3 
2132460521 22 4A 1 5 5 
2132462368 21 50 0 3 3 
2132464015 21 47 1 5 5 
2132465819 20 51 2 3 3 
2132467532 22 47 1 5 5 
2132469055 21 51 0 3 3 
2132471479 21 46 1 5 5 
2132473236 20 52 2 3 3 
2132474977 21 52 0 3 3 
2132476831 20 53 2 3 3 
2132478531 21 53 0 3 3 
2132480294 20 54 2 3 3 
2132482038 22 48 1 6 6 
2132483883 21 54 0 3 3 
2132485493 21 45 1 6 6 
2132487360 20 55 2 3 3 
2132489102 22 45 1 6 6 
2132490913 21 55 0 3 3 
2132492580 21 44 1 6 6 
2132494357 20 56 2 3 3 
2132496227 22 44 1 6 6 
2132498058 21 56 0 3 3 
2132499629 21 43 1 6 6 
2132501400 22 56 0 3 3 
2132503165 21 56 1 4 4 
2132504908 22 46 1 5 5 
2132506538 22 56 1 4 4 
2132508924 20 57 2 1 1 
2132510797 21 55 1 3 3 
2132512477 21 57 0 1 1 
2132514153 22 55 1 3 3 
2132516007 21 54 1 4 4 
2132517779 20 58 2 1 1 
2132519493 21 53 1 3 3 
2132521220 22 54 1 4 4 
2132522992 21 58 0 1 1 
2132524736 21 52 1 4 4 
2132526592 20 59 2 1 1 
2132528290 22 53 1 3 3 
2132530090 22 52 1 4 4 
2132531865 21 51 1 3 3 
2132533580 21 59 0 1 1 
2132535298 21 50 1 4 4 
2132537128 20 5A 2 1 1 
2132538832 21 5A 0 1 1 
2132540664 20 5B 2 1 1 
2132542285 21 5B 0 1 1 
2132543662 20 5C 2 1 1 
2132546367 21 5C 0 1 1 
2132547787 20 5D 2 1 1 
2132549332 21 5D 0 1 1 
2132551090 20 5E 2 1 1 
2132552821 21 5E 0 1 1 
2132554588 20 5F 2 1 1 
2132556343 21 5F 0 1 1 
2132558115 20 60 2 1 1 
2132559869 21 60 0 1 1 
2132561641 20 61 2 1 1 
2132563339 21 61 0 1 1 
2132565105 20 62 2 1 1 
2132567091 21 62 0 1 1 
2132569407 21 62 1 5 5 
2132571555 22 62 1 5 5 
2132573451 21 5F 1 5 5 
2132576558 22 5F 1 5 5 
2132578413 21 5E 1 5 5 
2132582221 22 51 1 3 3 
2132584613 21 4F 1 3 3 
2132586177 22 62 0 1 1 
2132587960 22 4F 1 3 3 
2132589641 21 5D 1 1 1 
2132591371 21 4E 1 3 3 
2132593183 22 5D 1 1 1 
2132594989 22 4E 1 3 3 
2132596711 21 5C 1 1 1 
2132598442 22 5E 1 5 5 
2132600286 21 4D 1 3 3 
2132602002 21 5B 1 5 5 
2132603790 22 4D 1 3 3 
2132607535 20 63 2 8 8 
2132609677 21 63 0 8 8 
2132611277 20 64 2 8 8 
2132613089 21 64 0 8 8 
2132614855 20 65 2 8 8 
2132616603 21 65 0 8 8 
2132618385 20 66 2 8 8 
2132619755 21 66 0 8 8 
2132622477 20 67 2 8 8 
2132624260 22 50 1 4 4 
2132626129 21 67 0 8 8 
2132627748 20 68 2 8 8 
2132629488 21 68 0 8 8 
2132630870 20 69 2 8 8 
2132633457 21 69 0 8 8 
2132635205 22 5C 1 1 1 
2132637070 20 6A 2 8 8 
2132638754 22 5B 1 5 5 
2132640561 21 6A 0 8 8 
2132642282 21 5A 1 1 1 
2132644345 20 6B 2 8 8 
2132646368 22 5A 1 1 1 
2132648478 21 59 1 5 5 
2132650228 21 6B 0 8 8 
2132652033 21 58 1 1 1 
2132653819 20 6C 2 8 8 
2132655519 21 6C 0 8 8 
2132657284 20 6D 2 8 8 
2132659030 21 6D 0 8 8 
2132660792 20 6E 2 8 8 
2132662564 21 6E 0 8 8 
2132664342 20 6F 2 8 8 
2132666084 21 6F 0 8 8 
2132667455 22 24 1 2 2 
2132670236 21 6F 1 3 3 
2132671898 20 70 2 7 7 
2132673769 22 6F 0 8 8 
2132675470 22 6F 1 3 3 
2132677215 21 70 0 7 7 
2132678927 21 6E 1 8 8 
2132680695 20 71 2 6 6 
2132682625 20 72 2 7 7 
2132684222 21 71 0 6 6 
2132685985 21 6D 1 3 3 
2132687753 22 6E 1 8 8 
2132689515 21 72 0 7 7 
2132691211 21 6C 1 8 8 
2132693050 20 73 2 6 6 
2132694823 22 6D 1 3 3 
2132696663 20 74 2 7 7 
2132698394 21 73 0 6 6 
2132700157 21 74 0 7 7 
2132701912 21 6B 1 3 3 
2132703747 20 75 2 6 6 
2132705453 22 6C 1 8 8 
2132707259 21 75 0 6 6 
2132708981 21 6A 1 8 8 
2132710730 20 76 2 6 6 
2132712490 20 77 2 7 7 
2132714235 22 6B 1 3 3 
2132716131 22 6A 1 8 8 
2132717812 21 76 0 6 6 
2132719497 21 69 1 3 3 
2132721239 21 77 0 7 7 
2132723045 21 68 1 8 8 
2132724827 20 78 2 6 6 
2132726532 20 79 2 7 7 
2132728364 22 68 1 8 8 
2132730094 21 79 0 7 7 
2132731813 21 78 0 6 6 
2132733614 20 7A 2 7 7 
2132735377 20 7B 2 6 6 
2132737150 21 67 1 8 8 
2132738905 21 7A 0 7 7 
2132740605 21 7B 0 6 6 
2132742428 22 67 1 8 8 
2132744217 20 7C 2 7 7 
2132745941 20 7D 2 6 6 
2132747657 21 7C 0 7 7 
2132749415 21 66 1 8 8 
2132751180 20 7E 2 7 7 
2132752971 21 7D 0 6 6 
2132754700 21 7E 0 7 7 
2132756451 22 69 1 3 3 
2132758307 21 7E 1 2 2 
2132760036 21 65 1 3 3 
2132761710 20 7F 2 6 6 
2132763520 22 7E 1 2 2 
2132765303 21 7F 0 6 6 
2132767062 22 7E 0 7 7 
2132768865 21 79 1 2 2 
2132770551 20 80 2 6 6 
2132772377 22 79 1 2 2 
2132774223 21 77 1 7 7 
2132775895 21 80 0 6 6 
2132777664 21 74 1 2 2 
2132779463 22 77 1 7 7 
2132781254 21 80 1 4 4 
2132783016 22 74 1 2 2 
2132784804 21 72 1 7 7 
2132786544 24 80 1 4 4 
2132788345 21 70 1 2 2 
2132790026 21 7F 1 4 4 
2132791779 22 80 0 6 6 
2132793616 22 7F 1 4 4 
2132795391 22 70 1 2 2 
2132797132 25 80 1 6 6 
2132798885 20 81 2 5 5 
2132800765 21 7D 1 4 4 
2132802433 21 81 0 5 5 
2132804136 20 82 2 5 5 
2132805887 22 7D 1 4 4 
2132807781 22 80 1 6 6 
2132809483 21 78 1 4 4 
2132811134 21 82 0 5 5 
2132812959 22 72 1 7 7 
2132814824 21 76 1 6 6 
2132816550 20 83 2 5 5 
2132818233 22 76 1 6 6 
2132820046 21 83 0 5 5 
2132821783 21 75 1 6 6 
2132823639 20 84 2 5 5 
2132825337 22 78 1 4 4 
2132827158 21 84 0 5 5 
2132828878 21 73 1 4 4 
2132830647 22 75 1 6 6 
2132832458 20 85 2 5 5 
2132834187 21 71 1 6 6 
2132835964 22 73 1 4 4 
2132837762 21 85 0 5 5 
2132839406 22 66 1 8 8 
2132841280 20 86 2 5 5 
2132842986 21 64 1 8 8 
2132844741 21 86 0 5 5 
2132846541 20 87 2 1 1 
2132848284 20 88 2 5 5 
2132849959 21 87 0 1 1 
2132851710 22 71 1 6 6 
2132853541 21 88 0 5 5 
2132855259 20 89 2 1 1 
2132857012 20 8A 2 5 5 
2132858770 21 89 0 1 1 
2132860544 21 8A 0 5 5 
2132862244 20 8B 2 1 1 
2132863654 20 8C 2 5 5 
2132865092 21 8B 0 1 1 
2132866484 21 8C 0 5 5 
2132867933 20 8D 2 1 1 
2132871759 20 8E 2 5 5 
2132873213 21 8D 0 1 1 
2132874821 21 8E 0 5 5 
2132876229 20 8F 2 1 1 
2132878104 20 90 2 5 5 
2132879877 21 8F 0 1 1 
2132881636 21 90 0 5 5 
2132883459 20 91 2 1 1 
2132885172 20 92 2 5 5 
2132886953 21 91 0 1 1 
2132888700 21 92 0 5 5 
2132890463 20 93 2 1 1 
2132892181 21 92 1 2 2 
2132894094 22 92 0 5 5 
2132895801 21 93 0 1 1 
2132897507 22 92 1 2 2 
2132899239 20 94 2 1 1 
2132900735 20 95 2 3 3 
2132903593 21 90 1 5 5 
2132905309 21 94 0 1 1 
2132907021 21 8E 1 2 2 
2132908796 22 90 1 5 5 
2132910575 21 95 0 3 3 
2132912380 21 8C 1 5 5 
2132914124 20 96 2 3 3 
2132915937 22 8E 1 2 2 
2132917650 22 8C 1 5 5 
2132919411 21 96 0 3 3 
2132921105 20 97 2 1 1 
2132922910 20 98 2 3 3 
2132924669 21 97 0 1 1 
2132926423 21 8A 1 2 2 
2132928175 21 97 1 4 4 
2132929926 21 98 0 3 3 
2132931655 21 88 1 5 5 
2132933489 22 97 1 4 4 
2132935190 20 99 2 3 3 
2132936941 22 88 1 5 5 
2132938462 20 9A 2 8 8 
2132941030 21 86 1 5 5 
2132942771 22 8A 1 2 2 
2132944628 21 94 1 4 4 
2132946386 21 9A 0 8 8 
2132948062 21 99 0 3 3 
2132949811 22 97 0 1 1 
2132951587 20 9B 2 8 8 
2132953414 20 9C 2 3 3 
2132955139 21 93 1 1 1 
2132956905 22 94 1 4 4 
2132958690 21 85 1 2 2 
2132960423 21 9B 0 8 8 
2132962206 22 86 1 5 5 
2132963957 22 93 1 1 1 
2132965725 21 9C 0 3 3 
2132967441 22 85 1 2 2 
2132969221 21 91 1 4 4 
2132970962 20 9D 2 8 8 
2132972741 21 84 1 5 5 
2132974533 21 8F 1 1 1 
2132975988 21 9D 0 8 8 
2132978555 21 83 1 2 2 
2132980011 22 84 1 5 5 
2132982029 20 9E 2 3 3 
2132983791 20 9F 2 8 8 
2132985558 21 82 1 5 5 
2132987345 22 83 1 2 2 
2132989062 21 9E 0 3 3 
2132990773 22 8F 1 1 1 
2132992645 22 82 1 5 5 
2132994409 21 9F 0 8 8 
2132996093 21 81 1 2 2 
2132997869 20 A0 2 8 8 
2132999592 21 8D 1 1 1 
2133001356 20 A1 2 3 3 
2133003148 21 57 1 5 5 
2133004951 21 A0 0 8 8 
2133006684 21 A1 0 3 3 
2133008439 20 A2 2 8 8 
2133010149 20 A3 2 3 3 
2133011944 22 8D 1 1 1 
2133013438 21 A2 0 8 8 
2133016096 21 A3 0 3 3 
2133018133 21 A2 1 6 6 
2133020287 20 A4 2 3 3 
2133022020 21 8B 1 1 1 
2133023804 22 91 1 4 4 
2133025715 21 A4 0 3 3 
2133027313 21 89 1 4 4 
2133029099 20 A5 2 3 3 
2133030780 22 A2 0 8 8 
2133032667 21 A5 0 3 3 
2133034361 22 A2 1 6 6 
2133036223 22 89 1 4 4 
2133037890 20 A6 2 3 3 
2133039598 21 A0 1 8 8 
2133041352 21 A6 0 3 3 
2133043161 22 A0 1 8 8 
2133044957 21 87 1 4 4 
2133046699 21 A6 1 7 7 
2133048473 22 A6 0 3 3 
2133050228 21 9F 1 6 6 
2133051711 22 A6 1 7 7 
2133054194 21 A5 1 3 3 
2133056062 21 9D 1 8 8 
2133057745 21 A4 1 7 7 
2133059461 22 A5 1 3 3 
2133061223 22 8B 1 1 1 
2133063087 22 87 1 4 4 
2133064818 22 9D 1 8 8 
2133066521 21 A3 1 3 3 
2133068257 20 A7 2 2 2 
2133070090 21 9B 1 8 8 
2133071827 21 A7 0 2 2 
2133073535 22 A3 1 3 3 
2133075329 20 A8 2 2 2 
2133077041 22 A4 1 7 7 
2133078894 21 A1 1 3 3 
2133080505 22 9B 1 8 8 
2133082348 21 9E 1 7 7 
2133084088 21 A8 0 2 2 
2133085846 21 9A 1 8 8 
2133087558 20 A9 2 2 2 
2133088969 22 9E 1 7 7 
2133091566 21 A9 0 2 2 
2133093402 22 9A 1 8 8 
2133095142 20 AA 2 2 2 
2133096878 21 9C 1 7 7 
2133098645 21 AA 0 2 2 
2133100385 21 63 1 8 8 
2133102170 20 AB 2 2 2 
2133103979 21 AB 0 2 2 
2133105681 20 AC 2 2 2 
2133107423 21 AC 0 2 2 
2133109149 20 AD 2 2 2 
2133110901 21 AD 0 2 2 
2133112728 20 AE 2 2 2 
2133114509 22 A1 1 3 3 
2133116392 21 AE 0 2 2 
2133118065 21 99 1 3 3 
2133119855 21 AE 1 1 1 
2133122110 22 AE 0 2 2 
2133123737 22 9C 1 7 7 
2133125360 20 AF 2 5 5 
2133127026 22 99 1 3 3 
2133129298 22 AE 1 1 1 
2133131032 21 98 1 7 7 
2133132846 21 AD 1 2 2 
2133134610 21 AF 0 5 5 
2133136316 21 AC 1 1 1 
2133139752 22 AD 1 2 2 
2133141757 22 AC 1 1 1 
2133143722 22 98 1 7 7 
2133145468 21 96 1 3 3 
2133147278 21 AB 1 2 2 
2133149041 21 95 1 7 7 
2133150791 20 B0 2 5 5 
2133152488 22 96 1 3 3 
2133154290 21 AA 1 1 1 
2133156009 22 AB 1 2 2 
2133157865 21 B0 0 5 5 
2133159540 22 AA 1 1 1 
2133161327 20 B1 2 6 6 
2133163107 21 A9 1 2 2 
2133164813 21 B1 0 6 6 
2133166563 20 B2 2 5 5 
2133168331 21 A8 1 1 1 
2133170163 21 B2 0 5 5 
2133171838 20 B3 2 6 6 
2133173569 20 B4 2 5 5 
2133175321 22 A8 1 1 1 
2133177205 21 B4 0 5 5 
2133178616 22 A9 1 2 2 
2133180166 21 A7 1 1 1 
2133183122 20 B5 2 5 5 
2133184899 21 B3 0 6 6 
2133186739 21 B5 0 5 5 
2133188446 20 B6 2 6 6 
2133190233 22 A7 1 1 1 
2133192393 20 B7 2 5 5 
2133194104 20 B8 2 8 8 
2133195886 21 B6 0 6 6 
2133197645 21 B8 0 8 8 
2133199401 21 B7 0 5 5 
2133201173 22 B6 0 6 6 
2133202946 20 B9 2 5 5 
2133204668 20 BA 2 8 8 
2133206499 21 B6 1 3 3 
2133208293 21 B9 0 5 5 
2133209966 21 BA 0 8 8 
2133211811 21 B3 1 6 6 
2133213502 20 BB 2 8 8 
2133215220 22 B3 1 6 6 
2133217028 20 BC 2 5 5 
2133218757 21 B1 1 6 6 
2133220530 21 BB 0 8 8 
2133222267 22 B6 1 3 3 
2133224021 20 BD 2 8 8 
2133225697 21 BC 0 5 5 
2133227192 20 BE 2 7 7 
2133230021 20 BF 2 5 5 
2133231673 21 BE 0 7 7 
2133233408 21 BD 0 8 8 
2133235179 20 C0 2 7 7 
2133236976 22 B1 1 6 6 
2133238775 21 C0 0 7 7 
2133240474 20 C1 2 8 8 
2133242277 21 BF 0 5 5 
2133243913 21 C1 0 8 8 
2133245668 20 C2 2 5 5 
2133247493 20 C3 2 7 7 
2133249240 21 C2 0 5 5 
2133250930 21 C3 0 7 7 
2133252678 20 C4 2 8 8 
2133254436 20 C5 2 5 5 
2133256243 20 C6 2 7 7 
2133258019 21 C5 0 5 5 
2133259686 21 C6 0 7 7 
2133261437 21 C4 0 8 8 
2133263180 20 C7 2 7 7 
2133264884 20 C8 2 8 8 
2133266703 20 C9 2 5 5 
2133268467 21 C8 0 8 8 
2133270213 21 C9 0 5 5 
2133271911 21 C7 0 7 7 
2133273655 20 CA 2 5 5 
2133275410 20 CB 2 8 8 
2133277224 21 CA 0 5 5 
2133278922 21 CB 0 8 8 
2133280685 20 CC 2 5 5 
2133282437 20 CD 2 7 7 
2133284185 21 CC 0 5 5 
2133285886 20 CE 2 8 8 
2133287729 20 CF 2 5 5 
2133289472 21 CE 0 8 8 
2133291220 21 CF 0 5 5 
2133292929 21 CD 0 7 7 
2133294707 21 CE 1 2 2 
2133296572 21 CF 1 4 4 
2133298302 20 D0 2 7 7 
2133299984 20 D1 2 8 8 
2133301917 22 CE 1 2 2 
2133303522 24 CF 1 4 4 
2133305297 21 D1 0 8 8 
2133307022 21 D0 0 7 7 
2133308797 21 CC 1 4 4 
2133310561 21 C8 1 2 2 
2133312294 22 CF 0 5 5 
2133313995 22 CC 1 4 4 
2133315781 20 D2 2 8 8 
2133317581 21 CA 1 4 4 
2133319362 25 CF 1 5 5 
2133321057 22 C8 1 2 2 
2133322847 21 D2 0 8 8 
2133324546 21 C4 1 2 2 
2133326371 22 CA 1 4 4 
2133328084 20 D3 2 8 8 
2133329818 22 C4 1 2 2 
2133331609 21 BF 1 4 4 
2133333333 21 D3 0 8 8 
2133335034 20 D4 2 7 7 
2133336881 21 C1 1 2 2 
2133338633 22 CF 1 5 5 
2133340446 22 BF 1 4 4 
2133342149 21 D4 0 7 7 
2133343866 20 D5 2 8 8 
2133345641 21 BC 1 5 5 
2133347494 20 D6 2 7 7 
2133349181 21 D5 0 8 8 
2133350941 22 BC 1 5 5 
2133352728 22 C1 1 2 2 
2133354501 21 B9 1 4 4 
2133356257 21 D5 1 1 1 
2133358063 21 B7 1 5 5 
2133359782 21 D6 0 7 7 
2133361520 21 BD 1 2 2 
2133363218 22 D5 0 8 8 
2133365001 22 B9 1 4 4 
2133366850 22 D6 0 7 7 
2133368575 21 D3 1 8 8 
2133370266 22 D5 1 1 1 
2133372052 22 D3 1 8 8 
2133373786 21 D6 1 3 3 
2133375574 21 D2 1 1 1 
2133377373 21 D4 1 7 7 
2133379154 21 B5 1 4 4 
2133380908 21 D1 1 8 8 
2133382666 22 D2 1 1 1 
2133384376 22 B5 1 4 4 
2133386230 20 D7 2 5 5 
2133388001 22 D4 1 7 7 
2133389691 22 D1 1 8 8 
2133391443 22 D6 1 3 3 
2133393218 21 D7 0 5 5 
2133394894 21 BB 1 1 1 
2133396732 20 D8 2 5 5 
2133398432 21 CD 1 7 7 
2133400205 21 B4 1 4 4 
2133401960 22 BD 1 2 2 
2133403876 21 D8 0 5 5 
2133405401 21 BA 1 8 8 
2133407253 20 D9 2 5 5 
2133409007 22 B4 1 4 4 
2133410832 21 C7 1 3 3 
2133412502 22 BB 1 1 1 
2133414298 21 B8 1 2 2 
2133416032 22 CD 1 7 7 
2133417959 21 D9 0 5 5 
2133419570 20 DA 2 8 8 
2133421396 22 C7 1 3 3 
2133423150 20 DB 2 5 5 
2133424844 21 B2 1 4 4 
2133426627 22 B8 1 2 2 
2133428401 21 DB 0 5 5 
2133430106 21 C6 1 7 7 
2133431863 22 DB 0 5 5 
2133433611 21 DB 1 6 6 
2133435379 20 DC 2 4 4 
2133437219 21 D9 1 5 5 
2133438935 21 DC 0 4 4 
2133440624 21 DA 0 8 8 
2133442388 21 C3 1 3 3 
2133444147 22 D9 1 5 5 
2133445935 22 DB 1 6 6 
2133447809 22 C3 1 3 3 
2133449483 22 C6 1 7 7 
2133451246 21 C0 1 3 3 
2133452945 20 DD 2 8 8 
2133454665 21 DC 1 2 2 
2133456500 21 DD 0 8 8 
2133458227 21 BE 1 7 7 
2133460009 20 DE 2 8 8 
2133461688 22 DC 1 2 2 
2133463488 21 DE 0 8 8 
2133465215 21 B0 1 2 2 
2133467059 22 BE 1 7 7 
2133468805 21 D8 1 5 5 
2133470557 20 DF 2 4 4 
2133472420 20 E0 2 8 8 
2133474112 21 D7 1 6 6 
2133475857 22 D8 1 5 5 
2133477709 21 DF 0 4 4 
2133479448 21 AF 1 5 5 
2133481224 21 E0 0 8 8 
2133482902 22 D7 1 6 6 
2133484726 22 AF 1 5 5 
2133486634 20 E1 2 8 8 
2133488266 20 E2 2 3 3 
2133490060 20 E3 2 4 4 
2133491754 20 E4 2 2 2 
2133493610 21 E2 0 3 3 
2133495280 21 E4 0 2 2 
2133497049 20 E5 2 3 3 
2133498825 20 E6 2 2 2 
2133500579 21 E5 0 3 3 
2133502328 21 E1 0 8 8 
2133504040 21 E3 0 4 4 
2133505817 20 E7 2 8 8 
2133507619 21 E6 0 2 2 
2133509376 21 E7 0 8 8 
2133511077 20 E8 2 2 2 
2133512841 20 E9 2 4 4 
2133514678 20 EA 2 8 8 
2133516356 20 EB 2 3 3 
2133518087 21 EA 0 8 8 
2133519702 21 E8 0 2 2 
2133521429 22 EA 0 8 8 
2133523252 21 EB 0 3 3 
2133524867 21 E9 0 4 4 
2133526604 20 EC 2 3 3 
2133528227 20 ED 2 2 2 
2133529901 20 EE 2 4 4 
2133531531 21 EC 0 3 3 
2133533152 21 EA 1 1 1 
2133534957 22 EC 0 3 3 
2133536694 21 EE 0 4 4 
2133538366 21 EC 1 6 6 
2133540188 22 EA 1 1 1 
2133541900 22 EC 1 6 6 
2133543580 20 EF 2 4 4 
2133545294 21 ED 0 2 2 
2133546954 21 EF 0 4 4 
2133548577 21 EB 1 3 3 
2133550279 20 F0 2 2 2 
2133551898 22 EB 1 3 3 
2133553543 20 F1 2 4 4 
2133555287 21 E5 1 6 6 
2133556985 21 E7 1 8 8 
2133657547 21 E2 1 3 3 
2133659013 22 E7 1 8 8 
2133660767 21 F1 0 4 4 
2133662901 21 F0 0 2 2 
2133664720 22 E2 1 3 3 
2133666532 21 F1 1 7 7 
2133668331 22 F1 0 4 4 
2133669970 20 F2 2 2 2 
2133671683 21 E1 1 1 1 
2133673524 22 E5 1 6 6 
2133675318 21 E0 1 8 8 
2133676978 20 F3 2 7 7 
2133678755 21 EF 1 4 4 
2133680490 21 F2 0 2 2 
2133682282 22 E1 1 1 1 
2133684023 21 F3 0 7 7 
2133685771 22 EF 1 4 4 
2133687575 21 F3 1 3 3 
2133689347 20 F4 2 2 2 
2133691041 21 DE 1 1 1 
2133692870 21 EE 1 4 4 
2133694696 22 F3 0 7 7 
2133696461 21 F4 0 2 2 
2133697871 22 F3 1 3 3 
2133700448 22 E0 1 8 8 
2133702449 22 EE 1 4 4 
2133704280 21 DD 1 8 8 
2133705909 20 F5 2 2 2 
2133707643 22 DD 1 8 8 
2133709479 20 F6 2 1 1 
2133711245 21 E9 1 7 7 
2133712968 21 F6 0 1 1 
2133714789 22 E9 1 7 7 
2133716594 21 F5 0 2 2 
2133718402 21 E3 1 4 4 
2133720295 21 DF 1 7 7 
2133721984 20 F7 2 1 1 
2133723658 22 E3 1 4 4 
2133725535 22 F5 0 2 2 
2133727234 21 DA 1 8 8 
2133728994 21 F5 1 5 5 
2133730896 20 F8 2 7 7 
2133732726 21 F4 1 2 2 
2133734473 22 F5 1 5 5 
2133736245 21 F8 0 7 7 
2133737983 20 F9 2 8 8 
2133739700 21 F2 1 5 5 
2133741421 21 F7 0 1 1 
2133743058 21 F9 0 8 8 
2133744722 22 F2 1 5 5 
2133746538 20 FA 2 7 7 
2133748241 22 F4 1 2 2 
2133750018 21 F0 1 5 5 
2133751691 21 FA 0 7 7 
2133753351 20 FB 2 8 8 
2133754979 20 FC 2 1 1 
2133756613 21 FB 0 8 8 
2133758251 21 FA 1 4 4 
2133759983 22 FA 0 7 7 
2133799503 21 ED 1 2 2 
2133801039 21 FB 1 3 3 
2133802707 22 FA 1 4 4 
2133804413 22 FB 1 3 3 
2133806027 22 FB 0 8 8 
2133807639 21 FC 0 1 1 
2133809403 21 F8 1 7 7 
2133811250 22 F0 1 5 5 
2133813067 21 F9 1 3 3 
2133814784 20 FD 2 1 1 
2133816520 22 F8 1 7 7 
2133818248 20 FE 2 2 2 
2133820074 21 E8 1 5 5 
2133821909 21 FE 0 2 2 
2133823703 21 FD 0 1 1 
2133825341 20 FF 2 2 2 
2133827122 21 E6 1 8 8 
2133828903 20 100 2 1 1 
2133830689 22 F9 1 3 3 
2133832532 21 100 0 1 1 
2133834280 21 FF 0 2 2 
2133836077 21 100 1 6 6 
2133837983 22 E6 1 8 8 
2133839626 22 100 0 1 1 
2133841511 21 E4 1 8 8 
2133843259 20 101 2 2 2 
2133845030 20 102 2 5 5 
2133846892 22 E4 1 8 8 
2133848568 21 FD 1 1 1 
2133850451 22 100 1 6 6 
2133852265 21 102 0 5 5 
2133853940 20 103 2 1 1 
2133855765 21 FC 1 6 6 
2133857541 21 103 0 1 1 
2133859269 20 104 2 5 5 
2133861140 21 101 0 2 2 
2133862942 21 104 0 5 5 
2133864727 20 105 2 1 1 
2133866513 20 106 2 5 5 
2133868255 21 101 1 4 4 
2133870132 21 106 0 5 5 
2133871967 22 101 0 2 2 
2133873852 22 101 1 4 4 
2133875614 21 105 0 1 1 
2133877344 21 FF 1 2 2 
2133879168 20 107 2 1 1 
2133881068 22 FF 1 2 2 
2133882844 20 108 2 6 6 
2133884679 21 107 0 1 1 
2133886407 21 108 0 6 6 
2133888286 21 FE 1 4 4 
2133889971 20 109 2 1 1 
2133891870 20 10A 2 6 6 
2133893672 20 10B 2 5 5 
2133895466 21 109 0 1 1 
2133897200 21 10B 0 5 5 
2133898985 21 10A 0 6 6 
2133900844 20 10C 2 4 4 
2133902760 21 109 1 8 8 
2133904461 22 10A 0 6 6 
2133906257 21 10C 0 4 4 
2133908011 21 10A 1 7 7 
2133909799 22 109 1 8 8 
2133911641 22 10A 1 7 7 
2133913460 21 10C 1 2 2 
2133915251 22 109 0 1 1 
2133917059 22 10C 1 2 2 
2133918748 21 108 1 6 6 
2133920605 21 F7 1 8 8 
2133922427 20 10D 2 4 4 
2133924389 22 F7 1 8 8 
2133925949 21 10D 0 4 4 
2133927761 20 10E 2 6 6 
2133929469 21 F6 1 7 7 
2133931370 20 10F 2 5 5 
2133933071 20 110 2 4 4 
2133934848 21 10F 0 5 5 
2133936672 21 110 0 4 4 
2133938398 20 111 2 7 7 
2133940202 21 10E 0 6 6 
2133942060 20 112 2 5 5 
2133943843 20 113 2 4 4 
2133945641 21 111 0 7 7 
2133947376 20 114 2 6 6 
2133949183 21 113 0 4 4 
2133951094 20 115 2 7 7 
2133952885 20 116 2 4 4 
2133954679 21 112 0 5 5 
2133956503 21 115 0 7 7 
2133958208 21 116 0 4 4 
2133959992 21 114 0 6 6 
2133962096 21 115 1 8 8 
2133964255 20 117 2 5 5 
2133966005 20 118 2 4 4 
2133967790 22 115 1 8 8 
2133969557 20 119 2 6 6 
2133971436 21 117 0 5 5 
2133973228 21 111 1 8 8 
2133975024 21 118 0 4 4 
2133976794 21 119 0 6 6 
2133978573 22 115 0 7 7 
2133980429 21 118 1 2 2 
2133982287 20 11A 2 6 6 
2133984012 20 11B 2 5 5 
2133985792 21 11A 0 6 6 
2133987573 21 11B 0 5 5 
2133989344 22 118 0 4 4 
2133991249 21 11B 1 3 3 
2133993021 22 111 1 8 8 
2133994788 22 11B 0 5 5 
2133996654 20 11C 2 6 6 
2133998322 21 116 1 4 4 
2134000179 21 117 1 5 5 
2134002003 22 118 1 2 2 
2134003866 22 116 1 4 4 
2134005535 21 113 1 2 2 
2134007328 22 11B 1 3 3 
2134009101 22 113 1 2 2 
2134010932 22 117 1 5 5 
2134012750 21 110 1 4 4 
2134014627 21 112 1 3 3 
2134016338 21 11C 0 6 6 
2134018178 22 110 1 4 4 
2134019844 21 10F 1 5 5 
2134021761 21 10D 1 2 2 
2134023522 21 10B 1 8 8 
2134025327 22 112 1 3 3 
2134027041 22 10D 1 2 2 
2134028875 22 10F 1 5 5 
2134030705 20 11D 2 6 6 
2134032553 20 11E 2 8 8 
2134034352 21 106 1 3 3 
2134036163 21 11E 0 8 8 
2134037864 21 11D 0 6 6 
2134039653 20 11F 2 3 3 
2134041152 21 11D 1 1 1 
2134042733 21 104 1 4 4 
2134044371 20 120 2 8 8 
2134045838 21 102 1 5 5 
2134047431 22 11D 1 1 1 
2134048925 21 11F 0 3 3 
2134050506 21 120 0 8 8 
2134052137 22 11D 0 6 6 
2134053910 22 11F 0 3 3 
2134055400 21 11F 1 2 2 
2134057083 20 121 2 8 8 
2134058510 20 122 2 5 5 
2134060250 22 11F 1 2 2 
2134061709 22 104 1 4 4 
2134063415 21 121 0 8 8 
2134064873 21 122 0 5 5 
2134066304 20 123 2 8 8 
2134067811 21 121 1 7 7 
2134069498 21 123 0 8 8 
2134070964 20 124 2 5 5 
2134072419 20 125 2 8 8 
2134073885 22 121 1 7 7 
2134075416 21 123 1 3 3 
2134077019 21 125 0 8 8 
2139055824 22 123 1 3 3 
2139057321 21 120 1 7 7 
2139058810 21 11E 1 3 3 
2139060932 21 124 0 5 5 
2139062788 22 11E 1 3 3 
2139064567 22 125 0 8 8 
2139066383 21 125 1 2 2 
2139067921 20 126 2 5 5 
2139070413 20 127 2 2 2 
2139072243 21 126 0 5 5 
2139073991 22 120 1 7 7 
2139075757 20 128 2 5 5 
2139077535 21 127 0 2 2 
2139079446 21 128 0 5 5 
2139081231 20 129 2 2 2 
2139082993 20 12A 2 5 5 
2139084814 21 129 0 2 2 
2139086561 21 128 1 1 1 
2139088400 21 127 1 4 4 
2139090283 21 129 1 3 3 
2139092050 22 128 1 1 1 
2139093817 22 129 0 2 2 
2139095605 21 126 1 7 7 
2139097361 22 129 1 3 3 
2139099192 21 12A 0 5 5 
2139101028 20 12B 2 7 7 
2139102598 20 12C 2 5 5 
2139104932 21 12B 0 7 7 
2139106708 22 127 1 4 4 
2139108631 21 122 1 2 2 
2139110491 21 12C 0 5 5 
2139112234 21 12B 1 6 6 
2139114082 21 124 1 1 1 
2139115817 22 12B 1 6 6 
2139117619 22 12C 0 5 5 
2139119515 22 12B 0 7 7 
2139121327 22 122 1 2 2 
2139123153 21 12C 1 8 8 
2139124918 22 124 1 1 1 
2139126684 21 12A 1 5 5 
2139128522 20 12D 2 8 8 
2139130379 22 12A 1 5 5 
2139132181 21 12D 0 8 8 
2139134171 21 12D 1 6 6 
2139135772 20 12E 2 8 8 
2139137518 22 12D 1 6 6 
2139139109 21 12E 0 8 8 
2139141842 21 12E 1 7 7 
2139143414 22 12E 0 8 8 
2139145082 20 12F 2 7 7 
2139146841 21 12F 0 7 7 
2139148912 21 12F 1 6 6 
2139150552 20 130 2 7 7 
2139152301 22 12F 1 6 6 
2139154105 21 130 0 7 7 
2139156084 21 130 1 8 8 
2139157657 22 130 0 7 7 
2139159575 20 131 2 8 8 
2139161339 21 131 0 8 8 
2139163324 21 131 1 6 6 
2139164919 20 132 2 8 8 
2139166648 22 131 1 6 6 
2139168518 21 132 0 8 8 
2139170559 21 132 1 7 7 
2139172471 22 132 0 8 8 
2139174022 22 132 1 7 7 
2139180432 21 4 1 7 7 
2139226409 22 4 1 7 7 
2139228321 6 0 0 7 7 
