1
2131283724 5 0 0 1 1 
2131289198 20 0 2 1 1 
2131291113 21 0 0 1 1 
2131292828 20 1 2 1 1 
2131294599 21 1 0 1 1 
2131296352 20 2 2 1 1 
2131298084 21 2 0 1 1 
2131299786 20 3 2 1 1 
2131301490 21 3 0 1 1 
2131303287 20 4 2 1 1 
2131305008 21 4 0 1 1 
2131306706 20 5 2 1 1 
2131308416 21 5 0 1 1 
2131310226 20 6 2 1 1 
2131311864 21 6 0 1 1 
2131314040 20 7 2 1 1 
2131315478 21 7 0 1 1 
2131317431 20 8 2 1 1 
2131318905 21 6 1 4 4 
2131320632 21 8 0 1 1 
2131322407 21 7 1 7 7 
2131324236 20 9 2 1 1 
2131325883 21 9 0 1 1 
2131327583 21 8 1 5 5 
2131329396 21 5 1 3 3 
2131333968 20 A 2 4 4 
2131336115 20 B 2 1 1 
2131338329 21 A 0 4 4 
2131340246 21 B 0 1 1 
2131341968 20 C 2 4 4 
2131343662 20 D 2 1 1 
2131345404 21 9 1 6 6 
2131347301 21 C 0 4 4 
2131348981 21 D 0 1 1 
2131350662 20 E 2 4 4 
2131352398 20 F 2 1 1 
2131354118 21 F 0 1 1 
2131355849 21 E 0 4 4 
2131357633 20 10 2 1 1 
2131359354 20 11 2 4 4 
2131361126 21 10 0 1 1 
2131362882 21 11 0 4 4 
2131364672 20 12 2 1 1 
2131366463 20 13 2 4 4 
2131368227 21 12 0 1 1 
2131369968 21 13 0 4 4 
2131371676 20 14 2 1 1 
2131373088 20 15 2 4 4 
2131374624 21 14 0 1 1 
2131377180 21 15 0 4 4 
2131379252 20 16 2 1 1 
2131381379 20 17 2 4 4 
2131383092 21 16 0 1 1 
2131384838 21 17 0 4 4 
2131386663 20 18 2 1 1 
2131388404 20 19 2 4 4 
2131390108 21 19 0 4 4 
2131391874 21 18 0 1 1 
2131393630 20 1A 2 4 4 
2131395412 20 1B 2 1 1 
2131397172 21 1A 0 4 4 
2131398951 21 1B 0 1 1 
2131400700 20 1C 2 4 4 
2131402454 20 1D 2 1 1 
2131404134 21 1D 0 1 1 
2131405882 21 1C 0 4 4 
2131407715 20 1E 2 1 1 
2131409450 20 1F 2 4 4 
2131410864 21 1E 0 1 1 
2131413316 21 1F 0 4 4 
2131415132 20 20 2 1 1 
2131416963 20 21 2 4 4 
2131418675 21 20 0 1 1 
2131420495 21 21 0 4 4 
2131422193 21 20 1 8 8 
2131424018 20 22 2 4 4 
2131425661 21 22 0 4 4 
2131427497 22 20 1 8 8 
2131429276 20 23 2 4 4 
2131431000 21 1D 1 8 8 
2131432689 21 23 0 4 4 
2131435097 21 23 1 2 2 
2131436926 22 23 0 4 4 
2131439516 21 22 1 4 4 
2131443254 22 23 1 2 2 
2131446099 21 21 1 2 2 
2131470047 22 21 1 2 2 
2131472198 21 1F 1 2 2 
2131476969 22 22 1 4 4 
2131479370 21 1C 1 4 4 
2131483234 22 1D 1 8 8 
2131485446 21 1B 1 8 8 
2131510985 22 1F 1 2 2 
2131513118 22 20 0 1 1 
2131514809 21 1A 1 2 2 
2131516338 21 18 1 1 1 
2131518074 22 1A 1 2 2 
2131520137 21 19 1 2 2 
2131521654 22 1B 1 8 8 
2131523974 21 16 1 8 8 
2131568838 22 1C 1 4 4 
2131570671 22 19 1 2 2 
2131572606 21 17 1 4 4 
2131574458 22 18 1 1 1 
2131576131 21 15 1 2 2 
2131577591 21 14 1 1 1 
2131632461 22 17 1 4 4 
2131634867 21 13 1 4 4 
2131752119 22 16 1 8 8 
2131754435 21 12 1 8 8 
2131762406 22 14 1 1 1 
2131764821 21 10 1 1 1 
2131837838 22 15 1 2 2 
2131840248 21 11 1 2 2 
2131878020 22 13 1 4 4 
2131880480 21 E 1 4 4 
2131943527 22 12 1 8 8 
2131945937 21 F 1 8 8 
2131989706 22 10 1 1 1 
2131992174 21 D 1 1 1 
2132130231 22 F 1 8 8 
2132132595 21 B 1 8 8 
2132159121 22 E 1 4 4 
2132161381 21 C 1 4 4 
2132163845 22 C 1 4 4 
2132165842 21 A 1 4 4 
2132168027 22 11 1 2 2 
2132169918 22 A 1 4 4 
2132172386 20 24 2 5 5 
2132174499 21 24 0 5 5 
2132176033 20 25 2 5 5 
2132177508 21 25 0 5 5 
2132179847 20 26 2 5 5 
2132181615 21 26 0 5 5 
2132183396 20 27 2 5 5 
2132185170 21 27 0 5 5 
2132186937 20 28 2 5 5 
2132188680 21 28 0 5 5 
2132190402 20 29 2 5 5 
2132192149 21 29 0 5 5 
2132193992 20 2A 2 5 5 
2132195742 21 2A 0 5 5 
2132197471 20 2B 2 5 5 
2132199232 21 2B 0 5 5 
2132201009 20 2C 2 5 5 
2132202831 21 2C 0 5 5 
2132204556 20 2D 2 5 5 
2132206420 21 2D 0 5 5 
2132208112 20 2E 2 5 5 
2132209866 21 2E 0 5 5 
2132211589 20 2F 2 5 5 
2132212973 21 2F 0 5 5 
2132214456 20 30 2 5 5 
2132216728 21 30 0 5 5 
2132218455 20 31 2 5 5 
2132220212 21 31 0 5 5 
2132221950 20 32 2 5 5 
2132223774 21 32 0 5 5 
2132225547 20 33 2 5 5 
2132227311 21 33 0 5 5 
2132229042 20 34 2 5 5 
2132230797 21 34 0 5 5 
2132233208 21 34 1 2 2 
2132234941 22 34 0 5 5 
2132236988 20 35 2 7 7 
2132239306 24 34 1 2 2 
2132241166 21 35 0 7 7 
2132242997 25 34 1 5 5 
2132244734 21 33 1 2 2 
2132246544 20 36 2 7 7 
2132248369 22 33 1 2 2 
2132250060 21 36 0 7 7 
2132251462 21 2E 1 2 2 
2132252960 22 34 1 5 5 
2132255178 22 2E 1 2 2 
2132257084 20 37 2 7 7 
2132258759 21 2D 1 5 5 
2132260515 21 37 0 7 7 
2132262249 21 2C 1 2 2 
2132264078 20 38 2 7 7 
2132265691 22 2D 1 5 5 
2132267544 21 38 0 7 7 
2132269258 21 2B 1 5 5 
2132271022 20 39 2 7 7 
2132272687 21 39 0 7 7 
2132274445 20 3A 2 7 7 
2132276266 22 2C 1 2 2 
2132278090 21 3A 0 7 7 
2132279743 21 2A 1 2 2 
2132281500 20 3B 2 7 7 
2132283208 21 3B 0 7 7 
2132284965 20 3C 2 7 7 
2132286718 21 3C 0 7 7 
2132288164 20 3D 2 7 7 
2132290770 22 2B 1 5 5 
2132292672 21 3D 0 7 7 
2132294306 21 29 1 5 5 
2132295766 20 3E 2 7 7 
2132298415 22 29 1 5 5 
2132300549 21 3E 0 7 7 
2132302608 21 28 1 5 5 
2132304380 20 3F 2 7 7 
2132306183 22 28 1 5 5 
2132307986 21 3F 0 7 7 
2132309657 21 27 1 5 5 
2132311428 20 40 2 7 7 
2132313150 21 40 0 7 7 
2132314909 20 41 2 7 7 
2132316680 21 41 0 7 7 
2132318550 20 42 2 7 7 
2132320195 21 42 0 7 7 
2132322684 21 42 1 4 4 
2132325339 22 42 1 4 4 
2132327046 22 2A 1 2 2 
2132328950 21 3E 1 4 4 
2132330797 21 26 1 2 2 
2132332498 22 42 0 7 7 
2132334305 22 26 1 2 2 
2132335835 21 3D 1 7 7 
2132338447 21 25 1 2 2 
2139228321 6 0 0 7 7 
